problemName, vehicleFileID, cutoffTime, problemTypeString, numUAVs, numTrucks, requireTruckAtDepot, requireDriver, Etype, ITER 
20170606T183517897245, 101, 5.000000, mFSTSP Heuristic, 3, -1, True, True, 1, 1 

Objective Function Value: 13256.212855 

Assignments: 
vehicleID, vehicleType, activityType, startTime, startNode, endTime, endNode, Description, Status 
1, Truck, Truck is stationary with UAV(s) on board, -0.000000, 0, 60.000000, 0, Launching UAV 3, UAV Launch 
1, Truck, Truck is stationary with UAV(s) on board, 60.000000, 0, 120.000000, 0, Launching UAV 2, UAV Launch 
1, Truck, Truck travels with UAV(s) on board, 120.000000, 0, 248.653568, 49, Travel from node 0 to node 49, Traveling 
1, Truck, Truck is stationary with UAV(s) on board, 248.653568, 49, 278.653568, 49, Dropping off package to Customer 49, Making Delivery 
1, Truck, Truck is stationary with UAV(s) on board, 278.653568, 49, 308.653568, 49, Retrieving UAV 3, UAV Recovery 
1, Truck, Truck is stationary with UAV(s) on board, 308.653568, 49, 338.653568, 49, Retrieving UAV 2, UAV Recovery 
1, Truck, Truck is stationary with UAV(s) on board, 338.653568, 49, 398.653568, 49, Launching UAV 2, UAV Launch 
1, Truck, Truck is stationary with UAV(s) on board, 398.653568, 49, 458.653568, 49, Launching UAV 3, UAV Launch 
1, Truck, Truck travels with UAV(s) on board, 458.653568, 49, 550.038445, 91, Travel from node 49 to node 91, Traveling 
1, Truck, Truck is stationary with UAV(s) on board, 550.038445, 91, 580.038445, 91, Dropping off package to Customer 91, Making Delivery 
1, Truck, Truck is stationary with UAV(s) on board, 580.038445, 91, 610.038445, 91, Retrieving UAV 2, UAV Recovery 
1, Truck, Truck is stationary with UAV(s) on board, 610.038445, 91, 640.038445, 91, Retrieving UAV 3, UAV Recovery 
1, Truck, Truck travels with UAV(s) on board, 640.038445, 91, 676.977100, 35, Travel from node 91 to node 35, Traveling 
1, Truck, Truck is stationary with UAV(s) on board, 676.977100, 35, 736.977100, 35, Launching UAV 2, UAV Launch 
1, Truck, Truck is stationary with UAV(s) on board, 736.977100, 35, 766.977100, 35, Dropping off package to Customer 35, Making Delivery 
1, Truck, Truck is stationary with UAV(s) on board, 766.977100, 35, 826.977100, 35, Launching UAV 3, UAV Launch 
1, Truck, Truck is stationary with UAV(s) on board, 826.977100, 35, 886.977100, 35, Launching UAV 4, UAV Launch 
1, Truck, Truck travels with no UAVs on board, 886.977100, 35, 1051.038752, 12, Travel from node 35 to node 12, Traveling 
1, Truck, Truck is stationary with no UAVs on board, 1051.038752, 12, 1081.038752, 12, Retrieving UAV 3, UAV Recovery 
1, Truck, Truck is stationary with no UAVs on board, 1081.038752, 12, 1111.038752, 12, Retrieving UAV 4, UAV Recovery 
1, Truck, Truck is stationary with no UAVs on board, 1111.038752, 12, 1141.038752, 12, Retrieving UAV 2, UAV Recovery 
1, Truck, Truck is stationary with no UAVs on board, 1141.038752, 12, 1171.038752, 12, Dropping off package to Customer 12, Making Delivery 
1, Truck, Truck travels with UAV(s) on board, 1171.038752, 12, 1339.588233, 40, Travel from node 12 to node 40, Traveling 
1, Truck, Truck is stationary with UAV(s) on board, 1339.588233, 40, 1369.588233, 40, Dropping off package to Customer 40, Making Delivery 
1, Truck, Truck is stationary with UAV(s) on board, 1369.588233, 40, 1429.588233, 40, Launching UAV 2, UAV Launch 
1, Truck, Truck travels with UAV(s) on board, 1429.588233, 40, 1586.190309, 23, Travel from node 40 to node 23, Traveling 
1, Truck, Truck is stationary with UAV(s) on board, 1586.190309, 23, 1646.190309, 23, Launching UAV 3, UAV Launch 
1, Truck, Truck is stationary with UAV(s) on board, 1646.190309, 23, 1676.190309, 23, Dropping off package to Customer 23, Making Delivery 
1, Truck, Truck is stationary with UAV(s) on board, 1676.190309, 23, 1706.190309, 23, Retrieving UAV 2, UAV Recovery 
1, Truck, Truck is stationary with UAV(s) on board, 1706.190309, 23, 1766.190309, 23, Launching UAV 2, UAV Launch 
1, Truck, Truck travels with UAV(s) on board, 1766.190309, 23, 2134.439424, 38, Travel from node 23 to node 38, Traveling 
1, Truck, Truck is stationary with UAV(s) on board, 2134.439424, 38, 2164.439424, 38, Retrieving UAV 3, UAV Recovery 
1, Truck, Truck is stationary with UAV(s) on board, 2164.439424, 38, 2194.439424, 38, Retrieving UAV 2, UAV Recovery 
1, Truck, Truck is stationary with UAV(s) on board, 2194.439424, 38, 2254.439424, 38, Launching UAV 3, UAV Launch 
1, Truck, Truck is stationary with UAV(s) on board, 2254.439424, 38, 2314.439424, 38, Launching UAV 2, UAV Launch 
1, Truck, Truck is stationary with UAV(s) on board, 2314.439424, 38, 2344.439424, 38, Dropping off package to Customer 38, Making Delivery 
1, Truck, Truck travels with UAV(s) on board, 2344.439424, 38, 2949.980766, 17, Travel from node 38 to node 17, Traveling 
1, Truck, Truck is stationary with UAV(s) on board, 2949.980766, 17, 2979.980766, 17, Retrieving UAV 2, UAV Recovery 
1, Truck, Truck is stationary with UAV(s) on board, 2979.980766, 17, 3009.980766, 17, Retrieving UAV 3, UAV Recovery 
1, Truck, Truck is stationary with UAV(s) on board, 3009.980766, 17, 3039.980766, 17, Dropping off package to Customer 17, Making Delivery 
1, Truck, Truck travels with UAV(s) on board, 3039.980766, 17, 3133.772206, 46, Travel from node 17 to node 46, Traveling 
1, Truck, Truck is stationary with UAV(s) on board, 3133.772206, 46, 3193.772206, 46, Launching UAV 2, UAV Launch 
1, Truck, Truck is stationary with UAV(s) on board, 3193.772206, 46, 3253.772206, 46, Launching UAV 4, UAV Launch 
1, Truck, Truck is stationary with UAV(s) on board, 3253.772206, 46, 3313.772206, 46, Launching UAV 3, UAV Launch 
1, Truck, Truck is stationary with UAV(s) on board, 3313.772206, 46, 3343.772206, 46, Dropping off package to Customer 46, Making Delivery 
1, Truck, Truck travels with no UAVs on board, 3343.772206, 46, 3535.464183, 44, Travel from node 46 to node 44, Traveling 
1, Truck, Truck is stationary with no UAVs on board, 3535.464183, 44, 3565.464183, 44, Dropping off package to Customer 44, Making Delivery 
1, Truck, Truck is stationary with no UAVs on board, 3565.464183, 44, 3595.464183, 44, Retrieving UAV 2, UAV Recovery 
1, Truck, Truck is stationary with no UAVs on board, 3595.464183, 44, 3655.464183, 44, Launching UAV 2, UAV Launch 
1, Truck, Truck is stationary with no UAVs on board, 3655.464183, 44, 3685.464183, 44, Retrieving UAV 3, UAV Recovery 
1, Truck, Truck is stationary with no UAVs on board, 3685.464183, 44, 3715.464183, 44, Retrieving UAV 4, UAV Recovery 
1, Truck, Truck travels with UAV(s) on board, 3715.464183, 44, 3807.067756, 26, Travel from node 44 to node 26, Traveling 
1, Truck, Truck is stationary with UAV(s) on board, 3807.067756, 26, 3837.067756, 26, Dropping off package to Customer 26, Making Delivery 
1, Truck, Truck is stationary with UAV(s) on board, 3837.067756, 26, 3867.067756, 26, Retrieving UAV 2, UAV Recovery 
1, Truck, Truck travels with UAV(s) on board, 3867.067756, 26, 3961.561074, 76, Travel from node 26 to node 76, Traveling 
1, Truck, Truck is stationary with UAV(s) on board, 3961.561074, 76, 3991.561074, 76, Dropping off package to Customer 76, Making Delivery 
1, Truck, Truck is stationary with UAV(s) on board, 3991.561074, 76, 4051.561074, 76, Launching UAV 2, UAV Launch 
1, Truck, Truck is stationary with UAV(s) on board, 4051.561074, 76, 4111.561074, 76, Launching UAV 3, UAV Launch 
1, Truck, Truck is stationary with UAV(s) on board, 4111.561074, 76, 4171.561074, 76, Launching UAV 4, UAV Launch 
1, Truck, Truck travels with no UAVs on board, 4171.561074, 76, 4301.636371, 70, Travel from node 76 to node 70, Traveling 
1, Truck, Truck is stationary with no UAVs on board, 4301.636371, 70, 4331.636371, 70, Retrieving UAV 2, UAV Recovery 
1, Truck, Truck is stationary with no UAVs on board, 4331.636371, 70, 4361.636371, 70, Retrieving UAV 3, UAV Recovery 
1, Truck, Truck is stationary with no UAVs on board, 4361.636371, 70, 4421.636371, 70, Launching UAV 2, UAV Launch 
1, Truck, Truck is stationary with no UAVs on board, 4421.636371, 70, 4481.636371, 70, Launching UAV 3, UAV Launch 
1, Truck, Truck is stationary with no UAVs on board, 4481.636371, 70, 4511.636371, 70, Retrieving UAV 4, UAV Recovery 
1, Truck, Truck is stationary with no UAVs on board, 4511.636371, 70, 4571.636371, 70, Launching UAV 4, UAV Launch 
1, Truck, Truck is stationary with no UAVs on board, 4571.636371, 70, 4601.636371, 70, Dropping off package to Customer 70, Making Delivery 
1, Truck, Truck travels with no UAVs on board, 4601.636371, 70, 4787.164425, 63, Travel from node 70 to node 63, Traveling 
1, Truck, Truck is stationary with no UAVs on board, 4787.164425, 63, 4817.164425, 63, Retrieving UAV 3, UAV Recovery 
1, Truck, Truck is stationary with no UAVs on board, 4817.164425, 63, 4847.164425, 63, Dropping off package to Customer 63, Making Delivery 
1, Truck, Truck is stationary with no UAVs on board, 4847.164425, 63, 4877.164425, 63, Retrieving UAV 4, UAV Recovery 
1, Truck, Truck is stationary with no UAVs on board, 4877.164425, 63, 4907.164425, 63, Retrieving UAV 2, UAV Recovery 
1, Truck, Truck travels with UAV(s) on board, 4907.164425, 63, 4948.523103, 82, Travel from node 63 to node 82, Traveling 
1, Truck, Truck is stationary with UAV(s) on board, 4948.523103, 82, 4978.523103, 82, Dropping off package to Customer 82, Making Delivery 
1, Truck, Truck travels with UAV(s) on board, 4978.523103, 82, 5057.345038, 68, Travel from node 82 to node 68, Traveling 
1, Truck, Truck is stationary with UAV(s) on board, 5057.345038, 68, 5087.345038, 68, Dropping off package to Customer 68, Making Delivery 
1, Truck, Truck travels with UAV(s) on board, 5087.345038, 68, 5155.593345, 95, Travel from node 68 to node 95, Traveling 
1, Truck, Truck is stationary with UAV(s) on board, 5155.593345, 95, 5215.593345, 95, Launching UAV 4, UAV Launch 
1, Truck, Truck is stationary with UAV(s) on board, 5215.593345, 95, 5275.593345, 95, Launching UAV 2, UAV Launch 
1, Truck, Truck is stationary with UAV(s) on board, 5275.593345, 95, 5305.593345, 95, Dropping off package to Customer 95, Making Delivery 
1, Truck, Truck is stationary with UAV(s) on board, 5305.593345, 95, 5365.593345, 95, Launching UAV 3, UAV Launch 
1, Truck, Truck travels with no UAVs on board, 5365.593345, 95, 5653.344644, 69, Travel from node 95 to node 69, Traveling 
1, Truck, Truck is stationary with no UAVs on board, 5653.344644, 69, 5683.344644, 69, Retrieving UAV 2, UAV Recovery 
1, Truck, Truck is stationary with no UAVs on board, 5683.344644, 69, 5713.344644, 69, Retrieving UAV 3, UAV Recovery 
1, Truck, Truck is stationary with no UAVs on board, 5713.344644, 69, 5743.344644, 69, Dropping off package to Customer 69, Making Delivery 
1, Truck, Truck is stationary with no UAVs on board, 5743.344644, 69, 5773.344644, 69, Retrieving UAV 4, UAV Recovery 
1, Truck, Truck travels with UAV(s) on board, 5773.344644, 69, 5849.596815, 4, Travel from node 69 to node 4, Traveling 
1, Truck, Truck is stationary with UAV(s) on board, 5849.596815, 4, 5909.596815, 4, Launching UAV 4, UAV Launch 
1, Truck, Truck is stationary with UAV(s) on board, 5909.596815, 4, 5939.596815, 4, Dropping off package to Customer 4, Making Delivery 
1, Truck, Truck is stationary with UAV(s) on board, 5939.596815, 4, 5999.596815, 4, Launching UAV 3, UAV Launch 
1, Truck, Truck is stationary with UAV(s) on board, 5999.596815, 4, 6059.596815, 4, Launching UAV 2, UAV Launch 
1, Truck, Truck travels with no UAVs on board, 6059.596815, 4, 6351.299701, 99, Travel from node 4 to node 99, Traveling 
1, Truck, Truck is stationary with no UAVs on board, 6351.299701, 99, 6381.299701, 99, Dropping off package to Customer 99, Making Delivery 
1, Truck, Truck is stationary with no UAVs on board, 6381.299701, 99, 6411.299701, 99, Retrieving UAV 4, UAV Recovery 
1, Truck, Truck is stationary with no UAVs on board, 6411.299701, 99, 6441.299701, 99, Retrieving UAV 3, UAV Recovery 
1, Truck, Truck is stationary with no UAVs on board, 6441.299701, 99, 6471.299701, 99, Retrieving UAV 2, UAV Recovery 
1, Truck, Truck travels with UAV(s) on board, 6471.299701, 99, 6575.927529, 75, Travel from node 99 to node 75, Traveling 
1, Truck, Truck is stationary with UAV(s) on board, 6575.927529, 75, 6605.927529, 75, Dropping off package to Customer 75, Making Delivery 
1, Truck, Truck travels with UAV(s) on board, 6605.927529, 75, 6707.028995, 85, Travel from node 75 to node 85, Traveling 
1, Truck, Truck is stationary with UAV(s) on board, 6707.028995, 85, 6737.028995, 85, Dropping off package to Customer 85, Making Delivery 
1, Truck, Truck travels with UAV(s) on board, 6737.028995, 85, 6760.154489, 28, Travel from node 85 to node 28, Traveling 
1, Truck, Truck is stationary with UAV(s) on board, 6760.154489, 28, 6820.154489, 28, Launching UAV 4, UAV Launch 
1, Truck, Truck is stationary with UAV(s) on board, 6820.154489, 28, 6880.154489, 28, Launching UAV 3, UAV Launch 
1, Truck, Truck is stationary with UAV(s) on board, 6880.154489, 28, 6940.154489, 28, Launching UAV 2, UAV Launch 
1, Truck, Truck is stationary with UAV(s) on board, 6940.154489, 28, 6970.154489, 28, Dropping off package to Customer 28, Making Delivery 
1, Truck, Truck travels with no UAVs on board, 6970.154489, 28, 7190.035442, 30, Travel from node 28 to node 30, Traveling 
1, Truck, Truck is stationary with no UAVs on board, 7190.035442, 30, 7220.035442, 30, Retrieving UAV 2, UAV Recovery 
1, Truck, Truck is stationary with no UAVs on board, 7220.035442, 30, 7250.035442, 30, Retrieving UAV 4, UAV Recovery 
1, Truck, Truck is stationary with no UAVs on board, 7250.035442, 30, 7280.035442, 30, Retrieving UAV 3, UAV Recovery 
1, Truck, Truck is stationary with no UAVs on board, 7280.035442, 30, 7310.035442, 30, Dropping off package to Customer 30, Making Delivery 
1, Truck, Truck travels with UAV(s) on board, 7310.035442, 30, 7366.840987, 42, Travel from node 30 to node 42, Traveling 
1, Truck, Truck is stationary with UAV(s) on board, 7366.840987, 42, 7396.840987, 42, Dropping off package to Customer 42, Making Delivery 
1, Truck, Truck travels with UAV(s) on board, 7396.840987, 42, 7419.167733, 100, Travel from node 42 to node 100, Traveling 
1, Truck, Truck is stationary with UAV(s) on board, 7419.167733, 100, 7449.167733, 100, Dropping off package to Customer 100, Making Delivery 
1, Truck, Truck travels with UAV(s) on board, 7449.167733, 100, 7522.254308, 57, Travel from node 100 to node 57, Traveling 
1, Truck, Truck is stationary with UAV(s) on board, 7522.254308, 57, 7552.254308, 57, Dropping off package to Customer 57, Making Delivery 
1, Truck, Truck travels with UAV(s) on board, 7552.254308, 57, 7615.392539, 6, Travel from node 57 to node 6, Traveling 
1, Truck, Truck is stationary with UAV(s) on board, 7615.392539, 6, 7645.392539, 6, Dropping off package to Customer 6, Making Delivery 
1, Truck, Truck travels with UAV(s) on board, 7645.392539, 6, 7762.785280, 37, Travel from node 6 to node 37, Traveling 
1, Truck, Truck is stationary with UAV(s) on board, 7762.785280, 37, 7822.785280, 37, Launching UAV 2, UAV Launch 
1, Truck, Truck is stationary with UAV(s) on board, 7822.785280, 37, 7882.785280, 37, Launching UAV 3, UAV Launch 
1, Truck, Truck is stationary with UAV(s) on board, 7882.785280, 37, 7942.785280, 37, Launching UAV 4, UAV Launch 
1, Truck, Truck is stationary with UAV(s) on board, 7942.785280, 37, 7972.785280, 37, Dropping off package to Customer 37, Making Delivery 
1, Truck, Truck travels with no UAVs on board, 7972.785280, 37, 8284.914089, 20, Travel from node 37 to node 20, Traveling 
1, Truck, Truck is stationary with no UAVs on board, 8284.914089, 20, 8314.914089, 20, Retrieving UAV 2, UAV Recovery 
1, Truck, Truck is stationary with no UAVs on board, 8314.914089, 20, 8344.914089, 20, Retrieving UAV 3, UAV Recovery 
1, Truck, Truck is stationary with no UAVs on board, 8344.914089, 20, 8374.914089, 20, Dropping off package to Customer 20, Making Delivery 
1, Truck, Truck is stationary with no UAVs on board, 8374.914089, 20, 8404.914089, 20, Retrieving UAV 4, UAV Recovery 
1, Truck, Truck travels with UAV(s) on board, 8404.914089, 20, 8414.675450, 22, Travel from node 20 to node 22, Traveling 
1, Truck, Truck is stationary with UAV(s) on board, 8414.675450, 22, 8444.675450, 22, Dropping off package to Customer 22, Making Delivery 
1, Truck, Truck travels with UAV(s) on board, 8444.675450, 22, 8471.157579, 98, Travel from node 22 to node 98, Traveling 
1, Truck, Truck is stationary with UAV(s) on board, 8471.157579, 98, 8501.157579, 98, Dropping off package to Customer 98, Making Delivery 
1, Truck, Truck travels with UAV(s) on board, 8501.157579, 98, 8547.988887, 84, Travel from node 98 to node 84, Traveling 
1, Truck, Truck is stationary with UAV(s) on board, 8547.988887, 84, 8577.988887, 84, Dropping off package to Customer 84, Making Delivery 
1, Truck, Truck travels with UAV(s) on board, 8577.988887, 84, 8616.973474, 58, Travel from node 84 to node 58, Traveling 
1, Truck, Truck is stationary with UAV(s) on board, 8616.973474, 58, 8676.973474, 58, Launching UAV 3, UAV Launch 
1, Truck, Truck is stationary with UAV(s) on board, 8676.973474, 58, 8736.973474, 58, Launching UAV 2, UAV Launch 
1, Truck, Truck is stationary with UAV(s) on board, 8736.973474, 58, 8796.973474, 58, Launching UAV 4, UAV Launch 
1, Truck, Truck is stationary with UAV(s) on board, 8796.973474, 58, 8826.973474, 58, Dropping off package to Customer 58, Making Delivery 
1, Truck, Truck travels with no UAVs on board, 8826.973474, 58, 9285.078216, 77, Travel from node 58 to node 77, Traveling 
1, Truck, Truck is stationary with no UAVs on board, 9285.078216, 77, 9315.078216, 77, Retrieving UAV 2, UAV Recovery 
1, Truck, Truck is stationary with no UAVs on board, 9315.078216, 77, 9345.078216, 77, Retrieving UAV 4, UAV Recovery 
1, Truck, Truck is stationary with no UAVs on board, 9345.078216, 77, 9375.078216, 77, Dropping off package to Customer 77, Making Delivery 
1, Truck, Truck is stationary with no UAVs on board, 9375.078216, 77, 9405.078216, 77, Retrieving UAV 3, UAV Recovery 
1, Truck, Truck travels with UAV(s) on board, 9405.078216, 77, 9459.837331, 14, Travel from node 77 to node 14, Traveling 
1, Truck, Truck is stationary with UAV(s) on board, 9459.837331, 14, 9489.837331, 14, Dropping off package to Customer 14, Making Delivery 
1, Truck, Truck travels with UAV(s) on board, 9489.837331, 14, 9516.545122, 15, Travel from node 14 to node 15, Traveling 
1, Truck, Truck is stationary with UAV(s) on board, 9516.545122, 15, 9546.545122, 15, Dropping off package to Customer 15, Making Delivery 
1, Truck, Truck travels with UAV(s) on board, 9546.545122, 15, 9592.991707, 24, Travel from node 15 to node 24, Traveling 
1, Truck, Truck is stationary with UAV(s) on board, 9592.991707, 24, 9652.991707, 24, Launching UAV 3, UAV Launch 
1, Truck, Truck is stationary with UAV(s) on board, 9652.991707, 24, 9712.991707, 24, Launching UAV 2, UAV Launch 
1, Truck, Truck is stationary with UAV(s) on board, 9712.991707, 24, 9772.991707, 24, Launching UAV 4, UAV Launch 
1, Truck, Truck is stationary with UAV(s) on board, 9772.991707, 24, 9802.991707, 24, Dropping off package to Customer 24, Making Delivery 
1, Truck, Truck travels with no UAVs on board, 9802.991707, 24, 10262.012762, 32, Travel from node 24 to node 32, Traveling 
1, Truck, Truck is stationary with no UAVs on board, 10262.012762, 32, 10292.012762, 32, Retrieving UAV 4, UAV Recovery 
1, Truck, Truck is stationary with no UAVs on board, 10292.012762, 32, 10322.012762, 32, Dropping off package to Customer 32, Making Delivery 
1, Truck, Truck is stationary with no UAVs on board, 10322.012762, 32, 10352.012762, 32, Retrieving UAV 3, UAV Recovery 
1, Truck, Truck is stationary with no UAVs on board, 10352.012762, 32, 10382.012762, 32, Retrieving UAV 2, UAV Recovery 
1, Truck, Truck is stationary with no UAVs on board, 10382.012762, 32, 10442.012762, 32, Launching UAV 3, UAV Launch 
1, Truck, Truck is stationary with no UAVs on board, 10442.012762, 32, 10502.012762, 32, Launching UAV 4, UAV Launch 
1, Truck, Truck is stationary with no UAVs on board, 10502.012762, 32, 10562.012762, 32, Launching UAV 2, UAV Launch 
1, Truck, Truck travels with no UAVs on board, 10562.012762, 32, 10769.859915, 9, Travel from node 32 to node 9, Traveling 
1, Truck, Truck is stationary with no UAVs on board, 10769.859915, 9, 10799.859915, 9, Retrieving UAV 3, UAV Recovery 
1, Truck, Truck is stationary with no UAVs on board, 10799.859915, 9, 10829.859915, 9, Retrieving UAV 4, UAV Recovery 
1, Truck, Truck is stationary with no UAVs on board, 10829.859915, 9, 10889.859915, 9, Launching UAV 3, UAV Launch 
1, Truck, Truck is stationary with no UAVs on board, 10889.859915, 9, 10949.859915, 9, Launching UAV 4, UAV Launch 
1, Truck, Truck is stationary with no UAVs on board, 10949.859915, 9, 10979.859915, 9, Retrieving UAV 2, UAV Recovery 
1, Truck, Truck is stationary with no UAVs on board, 10979.859915, 9, 11039.859915, 9, Launching UAV 2, UAV Launch 
1, Truck, Truck is stationary with no UAVs on board, 11039.859915, 9, 11069.859915, 9, Dropping off package to Customer 9, Making Delivery 
1, Truck, Truck travels with no UAVs on board, 11069.859915, 9, 11358.785994, 5, Travel from node 9 to node 5, Traveling 
1, Truck, Truck is stationary with no UAVs on board, 11358.785994, 5, 11388.785994, 5, Retrieving UAV 3, UAV Recovery 
1, Truck, Truck is stationary with no UAVs on board, 11388.785994, 5, 11418.785994, 5, Retrieving UAV 4, UAV Recovery 
1, Truck, Truck is stationary with no UAVs on board, 11418.785994, 5, 11448.785994, 5, Retrieving UAV 2, UAV Recovery 
1, Truck, Truck is stationary with no UAVs on board, 11448.785994, 5, 11508.785994, 5, Launching UAV 3, UAV Launch 
1, Truck, Truck is stationary with no UAVs on board, 11508.785994, 5, 11568.785994, 5, Launching UAV 2, UAV Launch 
1, Truck, Truck is stationary with no UAVs on board, 11568.785994, 5, 11628.785994, 5, Launching UAV 4, UAV Launch 
1, Truck, Truck is stationary with no UAVs on board, 11628.785994, 5, 11658.785994, 5, Dropping off package to Customer 5, Making Delivery 
1, Truck, Truck travels with no UAVs on board, 11658.785994, 5, 11856.175695, 61, Travel from node 5 to node 61, Traveling 
1, Truck, Truck is stationary with no UAVs on board, 11856.175695, 61, 11886.175695, 61, Retrieving UAV 3, UAV Recovery 
1, Truck, Truck is stationary with no UAVs on board, 11886.175695, 61, 11916.175695, 61, Retrieving UAV 4, UAV Recovery 
1, Truck, Truck is stationary with no UAVs on board, 11916.175695, 61, 11946.175695, 61, Dropping off package to Customer 61, Making Delivery 
1, Truck, Truck is stationary with no UAVs on board, 11946.175695, 61, 12006.175695, 61, Launching UAV 3, UAV Launch 
1, Truck, Truck is stationary with no UAVs on board, 12006.175695, 61, 12036.175695, 61, Retrieving UAV 2, UAV Recovery 
1, Truck, Truck is stationary with no UAVs on board, 12036.175695, 61, 12096.175695, 61, Launching UAV 4, UAV Launch 
1, Truck, Truck is stationary with no UAVs on board, 12096.175695, 61, 12156.175695, 61, Launching UAV 2, UAV Launch 
1, Truck, Truck travels with no UAVs on board, 12156.175695, 61, 12511.550086, 16, Travel from node 61 to node 16, Traveling 
1, Truck, Truck is stationary with no UAVs on board, 12511.550086, 16, 12541.550086, 16, Retrieving UAV 4, UAV Recovery 
1, Truck, Truck is stationary with no UAVs on board, 12541.550086, 16, 12571.550086, 16, Retrieving UAV 2, UAV Recovery 
1, Truck, Truck is stationary with no UAVs on board, 12571.550086, 16, 12631.550086, 16, Launching UAV 2, UAV Launch 
1, Truck, Truck is stationary with no UAVs on board, 12631.550086, 16, 12691.550086, 16, Launching UAV 4, UAV Launch 
1, Truck, Truck is stationary with no UAVs on board, 12691.550086, 16, 12721.550086, 16, Retrieving UAV 3, UAV Recovery 
1, Truck, Truck is stationary with no UAVs on board, 12721.550086, 16, 12751.550086, 16, Dropping off package to Customer 16, Making Delivery 
1, Truck, Truck is stationary with no UAVs on board, 12751.550086, 16, 12811.550086, 16, Launching UAV 3, UAV Launch 
1, Truck, Truck travels with no UAVs on board, 12811.550086, 16, 12980.621530, 51, Travel from node 16 to node 51, Traveling 
1, Truck, Truck is stationary with no UAVs on board, 12980.621530, 51, 13010.621530, 51, Retrieving UAV 2, UAV Recovery 
1, Truck, Truck is stationary with no UAVs on board, 13010.621530, 51, 13070.621530, 51, Launching UAV 2, UAV Launch 
1, Truck, Truck is stationary with no UAVs on board, 13070.621530, 51, 13082.282810, 51, Idle for  12 seconds, Idle 
1, Truck, Truck is stationary with no UAVs on board, 13082.282810, 51, 13112.282810, 51, Dropping off package to Customer 51, Making Delivery 
1, Truck, Truck is stationary with no UAVs on board, 13112.282810, 51, 13142.282810, 51, Retrieving UAV 4, UAV Recovery 
1, Truck, Truck is stationary with no UAVs on board, 13142.282810, 51, 13172.282810, 51, Retrieving UAV 3, UAV Recovery 
1, Truck, Truck travels with UAV(s) on board, 13172.282810, 51, 13226.212855, 101, Travel from node 51 to node 101, Traveling 
1, Truck, Truck is stationary with UAV(s) on board, 13226.212855, 101, 13256.212855, 101, Retrieving UAV 2, UAV Recovery 
1, Truck, Truck is stationary with UAV(s) on board, 13256.212855, 101, -1.000000, 101, At the Depot.  Total Time = 3:40:56, Vehicle Tasks Complete 
2, UAV, UAV is stationary with a parcel, 60.000000, 0, 120.000000, 0, Prepare to launch from truck, UAV Launch 
2, UAV, UAV taking off or landing with a parcel, 120.000000, 0, 123.695623, 0, Takeoff from Depot, Traveling 
2, UAV, UAV travels with parcel, 123.695623, 0, 162.475463, 73, Fly to UAV customer 73, Traveling 
2, UAV, UAV taking off or landing with a parcel, 162.475463, 73, 168.866709, 73, Land at UAV customer 73, Traveling 
2, UAV, UAV is stationary with a parcel, 168.866709, 73, 228.866709, 73, Serving UAV customer 73, Making Delivery 
2, UAV, UAV taking off or landing with no parcels, 228.866709, 73, 232.562333, 73, Takeoff from UAV customer 73, Traveling 
2, UAV, UAV travels empty, 232.562333, 73, 273.717582, 49, Fly to truck at customer 49, Traveling 
2, UAV, UAV is stationary without a parcel, 273.717582, 49, 302.262321, 49, Idle above rendezvous location (customer 49), Idle 
2, UAV, UAV taking off or landing with no parcels, 302.262321, 49, 308.653568, 49, Land at truck rendezvous location (customer 49), Traveling 
2, UAV, UAV is stationary without a parcel, 308.653568, 49, 338.653568, 49, Recovered by truck at customer 49, UAV Recovery 
2, UAV, UAV is stationary with a parcel, 338.653568, 49, 398.653568, 49, Prepare to launch from truck, UAV Launch 
2, UAV, UAV taking off or landing with a parcel, 398.653568, 49, 402.349191, 49, Takeoff from truck at Customer 49, Traveling 
2, UAV, UAV travels with parcel, 402.349191, 49, 438.495463, 11, Fly to UAV customer 11, Traveling 
2, UAV, UAV taking off or landing with a parcel, 438.495463, 11, 444.886709, 11, Land at UAV customer 11, Traveling 
2, UAV, UAV is stationary with a parcel, 444.886709, 11, 504.886709, 11, Serving UAV customer 11, Making Delivery 
2, UAV, UAV taking off or landing with no parcels, 504.886709, 11, 508.582333, 11, Takeoff from UAV customer 11, Traveling 
2, UAV, UAV travels empty, 508.582333, 11, 517.595654, 91, Fly to truck at customer 91, Traveling 
2, UAV, UAV is stationary without a parcel, 517.595654, 91, 573.647198, 91, Idle above rendezvous location (customer 91), Idle 
2, UAV, UAV taking off or landing with no parcels, 573.647198, 91, 580.038445, 91, Land at truck rendezvous location (customer 91), Traveling 
2, UAV, UAV is stationary without a parcel, 580.038445, 91, 610.038445, 91, Recovered by truck at customer 91, UAV Recovery 
2, UAV, UAV is stationary with a parcel, 676.977100, 35, 736.977100, 35, Prepare to launch from truck, UAV Launch 
2, UAV, UAV taking off or landing with a parcel, 736.977100, 35, 740.672723, 35, Takeoff from truck at Customer 35, Traveling 
2, UAV, UAV travels with parcel, 740.672723, 35, 779.775793, 78, Fly to UAV customer 78, Traveling 
2, UAV, UAV taking off or landing with a parcel, 779.775793, 78, 786.167040, 78, Land at UAV customer 78, Traveling 
2, UAV, UAV is stationary with a parcel, 786.167040, 78, 846.167040, 78, Serving UAV customer 78, Making Delivery 
2, UAV, UAV taking off or landing with no parcels, 846.167040, 78, 849.862663, 78, Takeoff from UAV customer 78, Traveling 
2, UAV, UAV travels empty, 849.862663, 78, 925.514113, 12, Fly to truck at customer 12, Traveling 
2, UAV, UAV is stationary without a parcel, 925.514113, 12, 1104.647505, 12, Idle above rendezvous location (customer 12), Idle 
2, UAV, UAV taking off or landing with no parcels, 1104.647505, 12, 1111.038752, 12, Land at truck rendezvous location (customer 12), Traveling 
2, UAV, UAV is stationary without a parcel, 1111.038752, 12, 1141.038752, 12, Recovered by truck at customer 12, UAV Recovery 
2, UAV, UAV is stationary with a parcel, 1369.588233, 40, 1429.588233, 40, Prepare to launch from truck, UAV Launch 
2, UAV, UAV taking off or landing with a parcel, 1429.588233, 40, 1433.283856, 40, Takeoff from truck at Customer 40, Traveling 
2, UAV, UAV travels with parcel, 1433.283856, 40, 1459.410438, 43, Fly to UAV customer 43, Traveling 
2, UAV, UAV taking off or landing with a parcel, 1459.410438, 43, 1465.801684, 43, Land at UAV customer 43, Traveling 
2, UAV, UAV is stationary with a parcel, 1465.801684, 43, 1525.801684, 43, Serving UAV customer 43, Making Delivery 
2, UAV, UAV taking off or landing with no parcels, 1525.801684, 43, 1529.497308, 43, Takeoff from UAV customer 43, Traveling 
2, UAV, UAV travels empty, 1529.497308, 43, 1594.048599, 23, Fly to truck at customer 23, Traveling 
2, UAV, UAV is stationary without a parcel, 1594.048599, 23, 1669.799062, 23, Idle above rendezvous location (customer 23), Idle 
2, UAV, UAV taking off or landing with no parcels, 1669.799062, 23, 1676.190309, 23, Land at truck rendezvous location (customer 23), Traveling 
2, UAV, UAV is stationary without a parcel, 1676.190309, 23, 1706.190309, 23, Recovered by truck at customer 23, UAV Recovery 
2, UAV, UAV is stationary with a parcel, 1706.190309, 23, 1766.190309, 23, Prepare to launch from truck, UAV Launch 
2, UAV, UAV taking off or landing with a parcel, 1766.190309, 23, 1769.885932, 23, Takeoff from truck at Customer 23, Traveling 
2, UAV, UAV travels with parcel, 1769.885932, 23, 1916.653086, 79, Fly to UAV customer 79, Traveling 
2, UAV, UAV taking off or landing with a parcel, 1916.653086, 79, 1923.044332, 79, Land at UAV customer 79, Traveling 
2, UAV, UAV is stationary with a parcel, 1923.044332, 79, 1983.044332, 79, Serving UAV customer 79, Making Delivery 
2, UAV, UAV taking off or landing with no parcels, 1983.044332, 79, 1986.739956, 79, Takeoff from UAV customer 79, Traveling 
2, UAV, UAV travels empty, 1986.739956, 79, 2004.020849, 38, Fly to truck at customer 38, Traveling 
2, UAV, UAV is stationary without a parcel, 2004.020849, 38, 2158.048177, 38, Idle above rendezvous location (customer 38), Idle 
2, UAV, UAV taking off or landing with no parcels, 2158.048177, 38, 2164.439424, 38, Land at truck rendezvous location (customer 38), Traveling 
2, UAV, UAV is stationary without a parcel, 2164.439424, 38, 2194.439424, 38, Recovered by truck at customer 38, UAV Recovery 
2, UAV, UAV is stationary with a parcel, 2254.439424, 38, 2314.439424, 38, Prepare to launch from truck, UAV Launch 
2, UAV, UAV taking off or landing with a parcel, 2314.439424, 38, 2318.135047, 38, Takeoff from truck at Customer 38, Traveling 
2, UAV, UAV travels with parcel, 2318.135047, 38, 2469.865488, 60, Fly to UAV customer 60, Traveling 
2, UAV, UAV taking off or landing with a parcel, 2469.865488, 60, 2476.256735, 60, Land at UAV customer 60, Traveling 
2, UAV, UAV is stationary with a parcel, 2476.256735, 60, 2536.256735, 60, Serving UAV customer 60, Making Delivery 
2, UAV, UAV taking off or landing with no parcels, 2536.256735, 60, 2539.952358, 60, Takeoff from UAV customer 60, Traveling 
2, UAV, UAV travels empty, 2539.952358, 60, 2592.862538, 17, Fly to truck at customer 17, Traveling 
2, UAV, UAV is stationary without a parcel, 2592.862538, 17, 2943.589519, 17, Idle above rendezvous location (customer 17), Idle 
2, UAV, UAV taking off or landing with no parcels, 2943.589519, 17, 2949.980766, 17, Land at truck rendezvous location (customer 17), Traveling 
2, UAV, UAV is stationary without a parcel, 2949.980766, 17, 2979.980766, 17, Recovered by truck at customer 17, UAV Recovery 
2, UAV, UAV is stationary with a parcel, 3133.772206, 46, 3193.772206, 46, Prepare to launch from truck, UAV Launch 
2, UAV, UAV taking off or landing with a parcel, 3193.772206, 46, 3197.467829, 46, Takeoff from truck at Customer 46, Traveling 
2, UAV, UAV travels with parcel, 3197.467829, 46, 3238.563557, 8, Fly to UAV customer 8, Traveling 
2, UAV, UAV taking off or landing with a parcel, 3238.563557, 8, 3244.954803, 8, Land at UAV customer 8, Traveling 
2, UAV, UAV is stationary with a parcel, 3244.954803, 8, 3304.954803, 8, Serving UAV customer 8, Making Delivery 
2, UAV, UAV taking off or landing with no parcels, 3304.954803, 8, 3308.650427, 8, Takeoff from UAV customer 8, Traveling 
2, UAV, UAV travels empty, 3308.650427, 8, 3362.972126, 44, Fly to truck at customer 44, Traveling 
2, UAV, UAV is stationary without a parcel, 3362.972126, 44, 3559.072936, 44, Idle above rendezvous location (customer 44), Idle 
2, UAV, UAV taking off or landing with no parcels, 3559.072936, 44, 3565.464183, 44, Land at truck rendezvous location (customer 44), Traveling 
2, UAV, UAV is stationary without a parcel, 3565.464183, 44, 3595.464183, 44, Recovered by truck at customer 44, UAV Recovery 
2, UAV, UAV is stationary with a parcel, 3595.464183, 44, 3655.464183, 44, Prepare to launch from truck, UAV Launch 
2, UAV, UAV taking off or landing with a parcel, 3655.464183, 44, 3659.159806, 44, Takeoff from truck at Customer 44, Traveling 
2, UAV, UAV travels with parcel, 3659.159806, 44, 3697.797434, 81, Fly to UAV customer 81, Traveling 
2, UAV, UAV taking off or landing with a parcel, 3697.797434, 81, 3704.188681, 81, Land at UAV customer 81, Traveling 
2, UAV, UAV is stationary with a parcel, 3704.188681, 81, 3764.188681, 81, Serving UAV customer 81, Making Delivery 
2, UAV, UAV taking off or landing with no parcels, 3764.188681, 81, 3767.884304, 81, Takeoff from UAV customer 81, Traveling 
2, UAV, UAV travels empty, 3767.884304, 81, 3802.354543, 26, Fly to truck at customer 26, Traveling 
2, UAV, UAV is stationary without a parcel, 3802.354543, 26, 3830.676509, 26, Idle above rendezvous location (customer 26), Idle 
2, UAV, UAV taking off or landing with no parcels, 3830.676509, 26, 3837.067756, 26, Land at truck rendezvous location (customer 26), Traveling 
2, UAV, UAV is stationary without a parcel, 3837.067756, 26, 3867.067756, 26, Recovered by truck at customer 26, UAV Recovery 
2, UAV, UAV is stationary with a parcel, 3991.561074, 76, 4051.561074, 76, Prepare to launch from truck, UAV Launch 
2, UAV, UAV taking off or landing with a parcel, 4051.561074, 76, 4055.256697, 76, Takeoff from truck at Customer 76, Traveling 
2, UAV, UAV travels with parcel, 4055.256697, 76, 4111.197858, 48, Fly to UAV customer 48, Traveling 
2, UAV, UAV taking off or landing with a parcel, 4111.197858, 48, 4117.589104, 48, Land at UAV customer 48, Traveling 
2, UAV, UAV is stationary with a parcel, 4117.589104, 48, 4177.589104, 48, Serving UAV customer 48, Making Delivery 
2, UAV, UAV taking off or landing with no parcels, 4177.589104, 48, 4181.284728, 48, Takeoff from UAV customer 48, Traveling 
2, UAV, UAV travels empty, 4181.284728, 48, 4239.794616, 70, Fly to truck at customer 70, Traveling 
2, UAV, UAV is stationary without a parcel, 4239.794616, 70, 4295.245124, 70, Idle above rendezvous location (customer 70), Idle 
2, UAV, UAV taking off or landing with no parcels, 4295.245124, 70, 4301.636371, 70, Land at truck rendezvous location (customer 70), Traveling 
2, UAV, UAV is stationary without a parcel, 4301.636371, 70, 4331.636371, 70, Recovered by truck at customer 70, UAV Recovery 
2, UAV, UAV is stationary with a parcel, 4361.636371, 70, 4421.636371, 70, Prepare to launch from truck, UAV Launch 
2, UAV, UAV taking off or landing with a parcel, 4421.636371, 70, 4425.331994, 70, Takeoff from truck at Customer 70, Traveling 
2, UAV, UAV travels with parcel, 4425.331994, 70, 4524.517573, 56, Fly to UAV customer 56, Traveling 
2, UAV, UAV taking off or landing with a parcel, 4524.517573, 56, 4530.908820, 56, Land at UAV customer 56, Traveling 
2, UAV, UAV is stationary with a parcel, 4530.908820, 56, 4590.908820, 56, Serving UAV customer 56, Making Delivery 
2, UAV, UAV taking off or landing with no parcels, 4590.908820, 56, 4594.604443, 56, Takeoff from UAV customer 56, Traveling 
2, UAV, UAV travels empty, 4594.604443, 56, 4727.365911, 63, Fly to truck at customer 63, Traveling 
2, UAV, UAV is stationary without a parcel, 4727.365911, 63, 4870.773178, 63, Idle above rendezvous location (customer 63), Idle 
2, UAV, UAV taking off or landing with no parcels, 4870.773178, 63, 4877.164425, 63, Land at truck rendezvous location (customer 63), Traveling 
2, UAV, UAV is stationary without a parcel, 4877.164425, 63, 4907.164425, 63, Recovered by truck at customer 63, UAV Recovery 
2, UAV, UAV is stationary with a parcel, 5215.593345, 95, 5275.593345, 95, Prepare to launch from truck, UAV Launch 
2, UAV, UAV taking off or landing with a parcel, 5275.593345, 95, 5279.288968, 95, Takeoff from truck at Customer 95, Traveling 
2, UAV, UAV travels with parcel, 5279.288968, 95, 5393.836780, 7, Fly to UAV customer 7, Traveling 
2, UAV, UAV taking off or landing with a parcel, 5393.836780, 7, 5400.228026, 7, Land at UAV customer 7, Traveling 
2, UAV, UAV is stationary with a parcel, 5400.228026, 7, 5460.228026, 7, Serving UAV customer 7, Making Delivery 
2, UAV, UAV taking off or landing with no parcels, 5460.228026, 7, 5463.923649, 7, Takeoff from UAV customer 7, Traveling 
2, UAV, UAV travels empty, 5463.923649, 7, 5490.791019, 69, Fly to truck at customer 69, Traveling 
2, UAV, UAV is stationary without a parcel, 5490.791019, 69, 5646.953397, 69, Idle above rendezvous location (customer 69), Idle 
2, UAV, UAV taking off or landing with no parcels, 5646.953397, 69, 5653.344644, 69, Land at truck rendezvous location (customer 69), Traveling 
2, UAV, UAV is stationary without a parcel, 5653.344644, 69, 5683.344644, 69, Recovered by truck at customer 69, UAV Recovery 
2, UAV, UAV is stationary with a parcel, 5999.596815, 4, 6059.596815, 4, Prepare to launch from truck, UAV Launch 
2, UAV, UAV taking off or landing with a parcel, 6059.596815, 4, 6063.292438, 4, Takeoff from truck at Customer 4, Traveling 
2, UAV, UAV travels with parcel, 6063.292438, 4, 6098.003408, 92, Fly to UAV customer 92, Traveling 
2, UAV, UAV taking off or landing with a parcel, 6098.003408, 92, 6104.394655, 92, Land at UAV customer 92, Traveling 
2, UAV, UAV is stationary with a parcel, 6104.394655, 92, 6164.394655, 92, Serving UAV customer 92, Making Delivery 
2, UAV, UAV taking off or landing with no parcels, 6164.394655, 92, 6168.090278, 92, Takeoff from UAV customer 92, Traveling 
2, UAV, UAV travels empty, 6168.090278, 92, 6245.756046, 99, Fly to truck at customer 99, Traveling 
2, UAV, UAV is stationary without a parcel, 6245.756046, 99, 6434.908454, 99, Idle above rendezvous location (customer 99), Idle 
2, UAV, UAV taking off or landing with no parcels, 6434.908454, 99, 6441.299701, 99, Land at truck rendezvous location (customer 99), Traveling 
2, UAV, UAV is stationary without a parcel, 6441.299701, 99, 6471.299701, 99, Recovered by truck at customer 99, UAV Recovery 
2, UAV, UAV is stationary with a parcel, 6880.154489, 28, 6940.154489, 28, Prepare to launch from truck, UAV Launch 
2, UAV, UAV taking off or landing with a parcel, 6940.154489, 28, 6943.850112, 28, Takeoff from truck at Customer 28, Traveling 
2, UAV, UAV travels with parcel, 6943.850112, 28, 7051.787045, 34, Fly to UAV customer 34, Traveling 
2, UAV, UAV taking off or landing with a parcel, 7051.787045, 34, 7058.178292, 34, Land at UAV customer 34, Traveling 
2, UAV, UAV is stationary with a parcel, 7058.178292, 34, 7118.178292, 34, Serving UAV customer 34, Making Delivery 
2, UAV, UAV taking off or landing with no parcels, 7118.178292, 34, 7121.873915, 34, Takeoff from UAV customer 34, Traveling 
2, UAV, UAV travels empty, 7121.873915, 34, 7155.434059, 30, Fly to truck at customer 30, Traveling 
2, UAV, UAV is stationary without a parcel, 7155.434059, 30, 7183.644195, 30, Idle above rendezvous location (customer 30), Idle 
2, UAV, UAV taking off or landing with no parcels, 7183.644195, 30, 7190.035442, 30, Land at truck rendezvous location (customer 30), Traveling 
2, UAV, UAV is stationary without a parcel, 7190.035442, 30, 7220.035442, 30, Recovered by truck at customer 30, UAV Recovery 
2, UAV, UAV is stationary with a parcel, 7762.785280, 37, 7822.785280, 37, Prepare to launch from truck, UAV Launch 
2, UAV, UAV taking off or landing with a parcel, 7822.785280, 37, 7826.480903, 37, Takeoff from truck at Customer 37, Traveling 
2, UAV, UAV travels with parcel, 7826.480903, 37, 8005.611328, 93, Fly to UAV customer 93, Traveling 
2, UAV, UAV taking off or landing with a parcel, 8005.611328, 93, 8012.002575, 93, Land at UAV customer 93, Traveling 
2, UAV, UAV is stationary with a parcel, 8012.002575, 93, 8072.002575, 93, Serving UAV customer 93, Making Delivery 
2, UAV, UAV taking off or landing with no parcels, 8072.002575, 93, 8075.698198, 93, Takeoff from UAV customer 93, Traveling 
2, UAV, UAV travels empty, 8075.698198, 93, 8139.697938, 20, Fly to truck at customer 20, Traveling 
2, UAV, UAV is stationary without a parcel, 8139.697938, 20, 8278.522842, 20, Idle above rendezvous location (customer 20), Idle 
2, UAV, UAV taking off or landing with no parcels, 8278.522842, 20, 8284.914089, 20, Land at truck rendezvous location (customer 20), Traveling 
2, UAV, UAV is stationary without a parcel, 8284.914089, 20, 8314.914089, 20, Recovered by truck at customer 20, UAV Recovery 
2, UAV, UAV is stationary with a parcel, 8676.973474, 58, 8736.973474, 58, Prepare to launch from truck, UAV Launch 
2, UAV, UAV taking off or landing with a parcel, 8736.973474, 58, 8740.669097, 58, Takeoff from truck at Customer 58, Traveling 
2, UAV, UAV travels with parcel, 8740.669097, 58, 8803.943014, 18, Fly to UAV customer 18, Traveling 
2, UAV, UAV taking off or landing with a parcel, 8803.943014, 18, 8810.334261, 18, Land at UAV customer 18, Traveling 
2, UAV, UAV is stationary with a parcel, 8810.334261, 18, 8870.334261, 18, Serving UAV customer 18, Making Delivery 
2, UAV, UAV taking off or landing with no parcels, 8870.334261, 18, 8874.029884, 18, Takeoff from UAV customer 18, Traveling 
2, UAV, UAV travels empty, 8874.029884, 18, 9034.556712, 77, Fly to truck at customer 77, Traveling 
2, UAV, UAV is stationary without a parcel, 9034.556712, 77, 9278.686969, 77, Idle above rendezvous location (customer 77), Idle 
2, UAV, UAV taking off or landing with no parcels, 9278.686969, 77, 9285.078216, 77, Land at truck rendezvous location (customer 77), Traveling 
2, UAV, UAV is stationary without a parcel, 9285.078216, 77, 9315.078216, 77, Recovered by truck at customer 77, UAV Recovery 
2, UAV, UAV is stationary with a parcel, 9652.991707, 24, 9712.991707, 24, Prepare to launch from truck, UAV Launch 
2, UAV, UAV taking off or landing with a parcel, 9712.991707, 24, 9716.687330, 24, Takeoff from truck at Customer 24, Traveling 
2, UAV, UAV travels with parcel, 9716.687330, 24, 9893.663268, 55, Fly to UAV customer 55, Traveling 
2, UAV, UAV taking off or landing with a parcel, 9893.663268, 55, 9900.054515, 55, Land at UAV customer 55, Traveling 
2, UAV, UAV is stationary with a parcel, 9900.054515, 55, 9960.054515, 55, Serving UAV customer 55, Making Delivery 
2, UAV, UAV taking off or landing with no parcels, 9960.054515, 55, 9963.750138, 55, Takeoff from UAV customer 55, Traveling 
2, UAV, UAV travels empty, 9963.750138, 55, 10059.810379, 32, Fly to truck at customer 32, Traveling 
2, UAV, UAV is stationary without a parcel, 10059.810379, 32, 10345.621515, 32, Idle above rendezvous location (customer 32), Idle 
2, UAV, UAV taking off or landing with no parcels, 10345.621515, 32, 10352.012762, 32, Land at truck rendezvous location (customer 32), Traveling 
2, UAV, UAV is stationary without a parcel, 10352.012762, 32, 10382.012762, 32, Recovered by truck at customer 32, UAV Recovery 
2, UAV, UAV is stationary with a parcel, 10502.012762, 32, 10562.012762, 32, Prepare to launch from truck, UAV Launch 
2, UAV, UAV taking off or landing with a parcel, 10562.012762, 32, 10565.708385, 32, Takeoff from truck at Customer 32, Traveling 
2, UAV, UAV travels with parcel, 10565.708385, 32, 10581.400393, 45, Fly to UAV customer 45, Traveling 
2, UAV, UAV taking off or landing with a parcel, 10581.400393, 45, 10587.791640, 45, Land at UAV customer 45, Traveling 
2, UAV, UAV is stationary with a parcel, 10587.791640, 45, 10647.791640, 45, Serving UAV customer 45, Making Delivery 
2, UAV, UAV taking off or landing with no parcels, 10647.791640, 45, 10651.487263, 45, Takeoff from UAV customer 45, Traveling 
2, UAV, UAV travels empty, 10651.487263, 45, 10680.942470, 9, Fly to truck at customer 9, Traveling 
2, UAV, UAV is stationary without a parcel, 10680.942470, 9, 10943.468668, 9, Idle above rendezvous location (customer 9), Idle 
2, UAV, UAV taking off or landing with no parcels, 10943.468668, 9, 10949.859915, 9, Land at truck rendezvous location (customer 9), Traveling 
2, UAV, UAV is stationary without a parcel, 10949.859915, 9, 10979.859915, 9, Recovered by truck at customer 9, UAV Recovery 
2, UAV, UAV is stationary with a parcel, 10979.859915, 9, 11039.859915, 9, Prepare to launch from truck, UAV Launch 
2, UAV, UAV taking off or landing with a parcel, 11039.859915, 9, 11043.555538, 9, Takeoff from truck at Customer 9, Traveling 
2, UAV, UAV travels with parcel, 11043.555538, 9, 11129.643458, 94, Fly to UAV customer 94, Traveling 
2, UAV, UAV taking off or landing with a parcel, 11129.643458, 94, 11136.034705, 94, Land at UAV customer 94, Traveling 
2, UAV, UAV is stationary with a parcel, 11136.034705, 94, 11196.034705, 94, Serving UAV customer 94, Making Delivery 
2, UAV, UAV taking off or landing with no parcels, 11196.034705, 94, 11199.730328, 94, Takeoff from UAV customer 94, Traveling 
2, UAV, UAV travels empty, 11199.730328, 94, 11328.001996, 5, Fly to truck at customer 5, Traveling 
2, UAV, UAV is stationary without a parcel, 11328.001996, 5, 11412.394747, 5, Idle above rendezvous location (customer 5), Idle 
2, UAV, UAV taking off or landing with no parcels, 11412.394747, 5, 11418.785994, 5, Land at truck rendezvous location (customer 5), Traveling 
2, UAV, UAV is stationary without a parcel, 11418.785994, 5, 11448.785994, 5, Recovered by truck at customer 5, UAV Recovery 
2, UAV, UAV is stationary with a parcel, 11508.785994, 5, 11568.785994, 5, Prepare to launch from truck, UAV Launch 
2, UAV, UAV taking off or landing with a parcel, 11568.785994, 5, 11572.481617, 5, Takeoff from truck at Customer 5, Traveling 
2, UAV, UAV travels with parcel, 11572.481617, 5, 11680.922407, 27, Fly to UAV customer 27, Traveling 
2, UAV, UAV taking off or landing with a parcel, 11680.922407, 27, 11687.313653, 27, Land at UAV customer 27, Traveling 
2, UAV, UAV is stationary with a parcel, 11687.313653, 27, 11747.313653, 27, Serving UAV customer 27, Making Delivery 
2, UAV, UAV taking off or landing with no parcels, 11747.313653, 27, 11751.009276, 27, Takeoff from UAV customer 27, Traveling 
2, UAV, UAV travels empty, 11751.009276, 27, 11861.437679, 61, Fly to truck at customer 61, Traveling 
2, UAV, UAV is stationary without a parcel, 11861.437679, 61, 11999.784448, 61, Idle above rendezvous location (customer 61), Idle 
2, UAV, UAV taking off or landing with no parcels, 11999.784448, 61, 12006.175695, 61, Land at truck rendezvous location (customer 61), Traveling 
2, UAV, UAV is stationary without a parcel, 12006.175695, 61, 12036.175695, 61, Recovered by truck at customer 61, UAV Recovery 
2, UAV, UAV is stationary with a parcel, 12096.175695, 61, 12156.175695, 61, Prepare to launch from truck, UAV Launch 
2, UAV, UAV taking off or landing with a parcel, 12156.175695, 61, 12159.871318, 61, Takeoff from truck at Customer 61, Traveling 
2, UAV, UAV travels with parcel, 12159.871318, 61, 12334.035993, 47, Fly to UAV customer 47, Traveling 
2, UAV, UAV taking off or landing with a parcel, 12334.035993, 47, 12340.427240, 47, Land at UAV customer 47, Traveling 
2, UAV, UAV is stationary with a parcel, 12340.427240, 47, 12400.427240, 47, Serving UAV customer 47, Making Delivery 
2, UAV, UAV taking off or landing with no parcels, 12400.427240, 47, 12404.122863, 47, Takeoff from UAV customer 47, Traveling 
2, UAV, UAV travels empty, 12404.122863, 47, 12486.817628, 16, Fly to truck at customer 16, Traveling 
2, UAV, UAV is stationary without a parcel, 12486.817628, 16, 12535.158839, 16, Idle above rendezvous location (customer 16), Idle 
2, UAV, UAV taking off or landing with no parcels, 12535.158839, 16, 12541.550086, 16, Land at truck rendezvous location (customer 16), Traveling 
2, UAV, UAV is stationary without a parcel, 12541.550086, 16, 12571.550086, 16, Recovered by truck at customer 16, UAV Recovery 
2, UAV, UAV is stationary with a parcel, 12571.550086, 16, 12631.550086, 16, Prepare to launch from truck, UAV Launch 
2, UAV, UAV taking off or landing with a parcel, 12631.550086, 16, 12635.245709, 16, Takeoff from truck at Customer 16, Traveling 
2, UAV, UAV travels with parcel, 12635.245709, 16, 12732.760862, 90, Fly to UAV customer 90, Traveling 
2, UAV, UAV taking off or landing with a parcel, 12732.760862, 90, 12739.152108, 90, Land at UAV customer 90, Traveling 
2, UAV, UAV is stationary with a parcel, 12739.152108, 90, 12799.152108, 90, Serving UAV customer 90, Making Delivery 
2, UAV, UAV taking off or landing with no parcels, 12799.152108, 90, 12802.847732, 90, Takeoff from UAV customer 90, Traveling 
2, UAV, UAV travels empty, 12802.847732, 90, 12920.649592, 51, Fly to truck at customer 51, Traveling 
2, UAV, UAV is stationary without a parcel, 12920.649592, 51, 12974.230283, 51, Idle above rendezvous location (customer 51), Idle 
2, UAV, UAV taking off or landing with no parcels, 12974.230283, 51, 12980.621530, 51, Land at truck rendezvous location (customer 51), Traveling 
2, UAV, UAV is stationary without a parcel, 12980.621530, 51, 13010.621530, 51, Recovered by truck at customer 51, UAV Recovery 
2, UAV, UAV is stationary with a parcel, 13010.621530, 51, 13070.621530, 51, Prepare to launch from truck, UAV Launch 
2, UAV, UAV taking off or landing with a parcel, 13070.621530, 51, 13074.317153, 51, Takeoff from truck at Customer 51, Traveling 
2, UAV, UAV travels with parcel, 13074.317153, 51, 13092.228162, 29, Fly to UAV customer 29, Traveling 
2, UAV, UAV taking off or landing with a parcel, 13092.228162, 29, 13098.619409, 29, Land at UAV customer 29, Traveling 
2, UAV, UAV is stationary with a parcel, 13098.619409, 29, 13158.619409, 29, Serving UAV customer 29, Making Delivery 
2, UAV, UAV taking off or landing with no parcels, 13158.619409, 29, 13162.315032, 29, Takeoff from UAV customer 29, Traveling 
2, UAV, UAV travels empty, 13162.315032, 29, 13219.821609, 101, Fly to depot, Traveling 
2, UAV, UAV taking off or landing with no parcels, 13219.821609, 101, 13226.212855, 101, Land at depot, Traveling 
2, UAV, UAV is stationary without a parcel, 13226.212855, 101, 13256.212855, 101, Recovered at depot, UAV Recovery 
3, UAV, UAV is stationary with a parcel, -0.000000, 0, 60.000000, 0, Prepare to launch from truck, UAV Launch 
3, UAV, UAV taking off or landing with a parcel, 60.000000, 0, 63.695623, 0, Takeoff from Depot, Traveling 
3, UAV, UAV travels with parcel, 63.695623, 0, 106.337966, 59, Fly to UAV customer 59, Traveling 
3, UAV, UAV taking off or landing with a parcel, 106.337966, 59, 112.729212, 59, Land at UAV customer 59, Traveling 
3, UAV, UAV is stationary with a parcel, 112.729212, 59, 172.729212, 59, Serving UAV customer 59, Making Delivery 
3, UAV, UAV taking off or landing with no parcels, 172.729212, 59, 176.424835, 59, Takeoff from UAV customer 59, Traveling 
3, UAV, UAV travels empty, 176.424835, 59, 247.893647, 49, Fly to truck at customer 49, Traveling 
3, UAV, UAV is stationary without a parcel, 247.893647, 49, 272.262321, 49, Idle above rendezvous location (customer 49), Idle 
3, UAV, UAV taking off or landing with no parcels, 272.262321, 49, 278.653568, 49, Land at truck rendezvous location (customer 49), Traveling 
3, UAV, UAV is stationary without a parcel, 278.653568, 49, 308.653568, 49, Recovered by truck at customer 49, UAV Recovery 
3, UAV, UAV is stationary with a parcel, 398.653568, 49, 458.653568, 49, Prepare to launch from truck, UAV Launch 
3, UAV, UAV taking off or landing with a parcel, 458.653568, 49, 462.349191, 49, Takeoff from truck at Customer 49, Traveling 
3, UAV, UAV travels with parcel, 462.349191, 49, 489.204365, 13, Fly to UAV customer 13, Traveling 
3, UAV, UAV taking off or landing with a parcel, 489.204365, 13, 495.595611, 13, Land at UAV customer 13, Traveling 
3, UAV, UAV is stationary with a parcel, 495.595611, 13, 555.595611, 13, Serving UAV customer 13, Making Delivery 
3, UAV, UAV taking off or landing with no parcels, 555.595611, 13, 559.291235, 13, Takeoff from UAV customer 13, Traveling 
3, UAV, UAV travels empty, 559.291235, 13, 596.964054, 91, Fly to truck at customer 91, Traveling 
3, UAV, UAV is stationary without a parcel, 596.964054, 91, 603.647198, 91, Idle above rendezvous location (customer 91), Idle 
3, UAV, UAV taking off or landing with no parcels, 603.647198, 91, 610.038445, 91, Land at truck rendezvous location (customer 91), Traveling 
3, UAV, UAV is stationary without a parcel, 610.038445, 91, 640.038445, 91, Recovered by truck at customer 91, UAV Recovery 
3, UAV, UAV is stationary with a parcel, 766.977100, 35, 826.977100, 35, Prepare to launch from truck, UAV Launch 
3, UAV, UAV taking off or landing with a parcel, 826.977100, 35, 830.672723, 35, Takeoff from truck at Customer 35, Traveling 
3, UAV, UAV travels with parcel, 830.672723, 35, 892.868442, 89, Fly to UAV customer 89, Traveling 
3, UAV, UAV taking off or landing with a parcel, 892.868442, 89, 899.259688, 89, Land at UAV customer 89, Traveling 
3, UAV, UAV is stationary with a parcel, 899.259688, 89, 959.259688, 89, Serving UAV customer 89, Making Delivery 
3, UAV, UAV taking off or landing with no parcels, 959.259688, 89, 962.955311, 89, Takeoff from UAV customer 89, Traveling 
3, UAV, UAV travels empty, 962.955311, 89, 1014.630412, 12, Fly to truck at customer 12, Traveling 
3, UAV, UAV is stationary without a parcel, 1014.630412, 12, 1044.647505, 12, Idle above rendezvous location (customer 12), Idle 
3, UAV, UAV taking off or landing with no parcels, 1044.647505, 12, 1051.038752, 12, Land at truck rendezvous location (customer 12), Traveling 
3, UAV, UAV is stationary without a parcel, 1051.038752, 12, 1081.038752, 12, Recovered by truck at customer 12, UAV Recovery 
3, UAV, UAV is stationary with a parcel, 1586.190309, 23, 1646.190309, 23, Prepare to launch from truck, UAV Launch 
3, UAV, UAV taking off or landing with a parcel, 1646.190309, 23, 1649.885932, 23, Takeoff from truck at Customer 23, Traveling 
3, UAV, UAV travels with parcel, 1649.885932, 23, 1725.467117, 97, Fly to UAV customer 97, Traveling 
3, UAV, UAV taking off or landing with a parcel, 1725.467117, 97, 1731.858364, 97, Land at UAV customer 97, Traveling 
3, UAV, UAV is stationary with a parcel, 1731.858364, 97, 1791.858364, 97, Serving UAV customer 97, Making Delivery 
3, UAV, UAV taking off or landing with no parcels, 1791.858364, 97, 1795.553987, 97, Takeoff from UAV customer 97, Traveling 
3, UAV, UAV travels empty, 1795.553987, 97, 1999.944162, 38, Fly to truck at customer 38, Traveling 
3, UAV, UAV is stationary without a parcel, 1999.944162, 38, 2128.048177, 38, Idle above rendezvous location (customer 38), Idle 
3, UAV, UAV taking off or landing with no parcels, 2128.048177, 38, 2134.439424, 38, Land at truck rendezvous location (customer 38), Traveling 
3, UAV, UAV is stationary without a parcel, 2134.439424, 38, 2164.439424, 38, Recovered by truck at customer 38, UAV Recovery 
3, UAV, UAV is stationary with a parcel, 2194.439424, 38, 2254.439424, 38, Prepare to launch from truck, UAV Launch 
3, UAV, UAV taking off or landing with a parcel, 2254.439424, 38, 2258.135047, 38, Takeoff from truck at Customer 38, Traveling 
3, UAV, UAV travels with parcel, 2258.135047, 38, 2461.658334, 88, Fly to UAV customer 88, Traveling 
3, UAV, UAV taking off or landing with a parcel, 2461.658334, 88, 2468.049581, 88, Land at UAV customer 88, Traveling 
3, UAV, UAV is stationary with a parcel, 2468.049581, 88, 2528.049581, 88, Serving UAV customer 88, Making Delivery 
3, UAV, UAV taking off or landing with no parcels, 2528.049581, 88, 2531.745204, 88, Takeoff from UAV customer 88, Traveling 
3, UAV, UAV travels empty, 2531.745204, 88, 2574.741856, 17, Fly to truck at customer 17, Traveling 
3, UAV, UAV is stationary without a parcel, 2574.741856, 17, 2973.589519, 17, Idle above rendezvous location (customer 17), Idle 
3, UAV, UAV taking off or landing with no parcels, 2973.589519, 17, 2979.980766, 17, Land at truck rendezvous location (customer 17), Traveling 
3, UAV, UAV is stationary without a parcel, 2979.980766, 17, 3009.980766, 17, Recovered by truck at customer 17, UAV Recovery 
3, UAV, UAV is stationary with a parcel, 3253.772206, 46, 3313.772206, 46, Prepare to launch from truck, UAV Launch 
3, UAV, UAV taking off or landing with a parcel, 3313.772206, 46, 3317.467829, 46, Takeoff from truck at Customer 46, Traveling 
3, UAV, UAV travels with parcel, 3317.467829, 46, 3428.261436, 21, Fly to UAV customer 21, Traveling 
3, UAV, UAV taking off or landing with a parcel, 3428.261436, 21, 3434.652683, 21, Land at UAV customer 21, Traveling 
3, UAV, UAV is stationary with a parcel, 3434.652683, 21, 3494.652683, 21, Serving UAV customer 21, Making Delivery 
3, UAV, UAV taking off or landing with no parcels, 3494.652683, 21, 3498.348306, 21, Takeoff from UAV customer 21, Traveling 
3, UAV, UAV travels empty, 3498.348306, 21, 3563.704686, 44, Fly to truck at customer 44, Traveling 
3, UAV, UAV is stationary without a parcel, 3563.704686, 44, 3649.072936, 44, Idle above rendezvous location (customer 44), Idle 
3, UAV, UAV taking off or landing with no parcels, 3649.072936, 44, 3655.464183, 44, Land at truck rendezvous location (customer 44), Traveling 
3, UAV, UAV is stationary without a parcel, 3655.464183, 44, 3685.464183, 44, Recovered by truck at customer 44, UAV Recovery 
3, UAV, UAV is stationary with a parcel, 4051.561074, 76, 4111.561074, 76, Prepare to launch from truck, UAV Launch 
3, UAV, UAV taking off or landing with a parcel, 4111.561074, 76, 4115.256697, 76, Takeoff from truck at Customer 76, Traveling 
3, UAV, UAV travels with parcel, 4115.256697, 76, 4189.839935, 96, Fly to UAV customer 96, Traveling 
3, UAV, UAV taking off or landing with a parcel, 4189.839935, 96, 4196.231182, 96, Land at UAV customer 96, Traveling 
3, UAV, UAV is stationary with a parcel, 4196.231182, 96, 4256.231182, 96, Serving UAV customer 96, Making Delivery 
3, UAV, UAV taking off or landing with no parcels, 4256.231182, 96, 4259.926805, 96, Takeoff from UAV customer 96, Traveling 
3, UAV, UAV travels empty, 4259.926805, 96, 4322.442359, 70, Fly to truck at customer 70, Traveling 
3, UAV, UAV is stationary without a parcel, 4322.442359, 70, 4325.245124, 70, Idle above rendezvous location (customer 70), Idle 
3, UAV, UAV taking off or landing with no parcels, 4325.245124, 70, 4331.636371, 70, Land at truck rendezvous location (customer 70), Traveling 
3, UAV, UAV is stationary without a parcel, 4331.636371, 70, 4361.636371, 70, Recovered by truck at customer 70, UAV Recovery 
3, UAV, UAV is stationary with a parcel, 4421.636371, 70, 4481.636371, 70, Prepare to launch from truck, UAV Launch 
3, UAV, UAV taking off or landing with a parcel, 4481.636371, 70, 4485.331994, 70, Takeoff from truck at Customer 70, Traveling 
3, UAV, UAV travels with parcel, 4485.331994, 70, 4578.249732, 36, Fly to UAV customer 36, Traveling 
3, UAV, UAV taking off or landing with a parcel, 4578.249732, 36, 4584.640978, 36, Land at UAV customer 36, Traveling 
3, UAV, UAV is stationary with a parcel, 4584.640978, 36, 4644.640978, 36, Serving UAV customer 36, Making Delivery 
3, UAV, UAV taking off or landing with no parcels, 4644.640978, 36, 4648.336601, 36, Takeoff from UAV customer 36, Traveling 
3, UAV, UAV travels empty, 4648.336601, 36, 4752.441230, 63, Fly to truck at customer 63, Traveling 
3, UAV, UAV is stationary without a parcel, 4752.441230, 63, 4780.773178, 63, Idle above rendezvous location (customer 63), Idle 
3, UAV, UAV taking off or landing with no parcels, 4780.773178, 63, 4787.164425, 63, Land at truck rendezvous location (customer 63), Traveling 
3, UAV, UAV is stationary without a parcel, 4787.164425, 63, 4817.164425, 63, Recovered by truck at customer 63, UAV Recovery 
3, UAV, UAV is stationary with a parcel, 5305.593345, 95, 5365.593345, 95, Prepare to launch from truck, UAV Launch 
3, UAV, UAV taking off or landing with a parcel, 5365.593345, 95, 5369.288968, 95, Takeoff from truck at Customer 95, Traveling 
3, UAV, UAV travels with parcel, 5369.288968, 95, 5508.230278, 41, Fly to UAV customer 41, Traveling 
3, UAV, UAV taking off or landing with a parcel, 5508.230278, 41, 5514.621525, 41, Land at UAV customer 41, Traveling 
3, UAV, UAV is stationary with a parcel, 5514.621525, 41, 5574.621525, 41, Serving UAV customer 41, Making Delivery 
3, UAV, UAV taking off or landing with no parcels, 5574.621525, 41, 5578.317148, 41, Takeoff from UAV customer 41, Traveling 
3, UAV, UAV travels empty, 5578.317148, 41, 5660.129359, 69, Fly to truck at customer 69, Traveling 
3, UAV, UAV is stationary without a parcel, 5660.129359, 69, 5676.953397, 69, Idle above rendezvous location (customer 69), Idle 
3, UAV, UAV taking off or landing with no parcels, 5676.953397, 69, 5683.344644, 69, Land at truck rendezvous location (customer 69), Traveling 
3, UAV, UAV is stationary without a parcel, 5683.344644, 69, 5713.344644, 69, Recovered by truck at customer 69, UAV Recovery 
3, UAV, UAV is stationary with a parcel, 5939.596815, 4, 5999.596815, 4, Prepare to launch from truck, UAV Launch 
3, UAV, UAV taking off or landing with a parcel, 5999.596815, 4, 6003.292438, 4, Takeoff from truck at Customer 4, Traveling 
3, UAV, UAV travels with parcel, 6003.292438, 4, 6112.969763, 3, Fly to UAV customer 3, Traveling 
3, UAV, UAV taking off or landing with a parcel, 6112.969763, 3, 6119.361010, 3, Land at UAV customer 3, Traveling 
3, UAV, UAV is stationary with a parcel, 6119.361010, 3, 6179.361010, 3, Serving UAV customer 3, Making Delivery 
3, UAV, UAV taking off or landing with no parcels, 6179.361010, 3, 6183.056633, 3, Takeoff from UAV customer 3, Traveling 
3, UAV, UAV travels empty, 6183.056633, 3, 6313.052165, 99, Fly to truck at customer 99, Traveling 
3, UAV, UAV is stationary without a parcel, 6313.052165, 99, 6404.908454, 99, Idle above rendezvous location (customer 99), Idle 
3, UAV, UAV taking off or landing with no parcels, 6404.908454, 99, 6411.299701, 99, Land at truck rendezvous location (customer 99), Traveling 
3, UAV, UAV is stationary without a parcel, 6411.299701, 99, 6441.299701, 99, Recovered by truck at customer 99, UAV Recovery 
3, UAV, UAV is stationary with a parcel, 6820.154489, 28, 6880.154489, 28, Prepare to launch from truck, UAV Launch 
3, UAV, UAV taking off or landing with a parcel, 6880.154489, 28, 6883.850112, 28, Takeoff from truck at Customer 28, Traveling 
3, UAV, UAV travels with parcel, 6883.850112, 28, 7004.258348, 62, Fly to UAV customer 62, Traveling 
3, UAV, UAV taking off or landing with a parcel, 7004.258348, 62, 7010.649594, 62, Land at UAV customer 62, Traveling 
3, UAV, UAV is stationary with a parcel, 7010.649594, 62, 7070.649594, 62, Serving UAV customer 62, Making Delivery 
3, UAV, UAV taking off or landing with no parcels, 7070.649594, 62, 7074.345218, 62, Takeoff from UAV customer 62, Traveling 
3, UAV, UAV travels empty, 7074.345218, 62, 7118.926699, 30, Fly to truck at customer 30, Traveling 
3, UAV, UAV is stationary without a parcel, 7118.926699, 30, 7243.644195, 30, Idle above rendezvous location (customer 30), Idle 
3, UAV, UAV taking off or landing with no parcels, 7243.644195, 30, 7250.035442, 30, Land at truck rendezvous location (customer 30), Traveling 
3, UAV, UAV is stationary without a parcel, 7250.035442, 30, 7280.035442, 30, Recovered by truck at customer 30, UAV Recovery 
3, UAV, UAV is stationary with a parcel, 7822.785280, 37, 7882.785280, 37, Prepare to launch from truck, UAV Launch 
3, UAV, UAV taking off or landing with a parcel, 7882.785280, 37, 7886.480903, 37, Takeoff from truck at Customer 37, Traveling 
3, UAV, UAV travels with parcel, 7886.480903, 37, 8033.318772, 10, Fly to UAV customer 10, Traveling 
3, UAV, UAV taking off or landing with a parcel, 8033.318772, 10, 8039.710018, 10, Land at UAV customer 10, Traveling 
3, UAV, UAV is stationary with a parcel, 8039.710018, 10, 8099.710018, 10, Serving UAV customer 10, Making Delivery 
3, UAV, UAV taking off or landing with no parcels, 8099.710018, 10, 8103.405641, 10, Takeoff from UAV customer 10, Traveling 
3, UAV, UAV travels empty, 8103.405641, 10, 8158.034476, 20, Fly to truck at customer 20, Traveling 
3, UAV, UAV is stationary without a parcel, 8158.034476, 20, 8308.522842, 20, Idle above rendezvous location (customer 20), Idle 
3, UAV, UAV taking off or landing with no parcels, 8308.522842, 20, 8314.914089, 20, Land at truck rendezvous location (customer 20), Traveling 
3, UAV, UAV is stationary without a parcel, 8314.914089, 20, 8344.914089, 20, Recovered by truck at customer 20, UAV Recovery 
3, UAV, UAV is stationary with a parcel, 8616.973474, 58, 8676.973474, 58, Prepare to launch from truck, UAV Launch 
3, UAV, UAV taking off or landing with a parcel, 8676.973474, 58, 8680.669097, 58, Takeoff from truck at Customer 58, Traveling 
3, UAV, UAV travels with parcel, 8680.669097, 58, 8731.640944, 71, Fly to UAV customer 71, Traveling 
3, UAV, UAV taking off or landing with a parcel, 8731.640944, 71, 8738.032191, 71, Land at UAV customer 71, Traveling 
3, UAV, UAV is stationary with a parcel, 8738.032191, 71, 8798.032191, 71, Serving UAV customer 71, Making Delivery 
3, UAV, UAV taking off or landing with no parcels, 8798.032191, 71, 8801.727814, 71, Takeoff from UAV customer 71, Traveling 
3, UAV, UAV travels empty, 8801.727814, 71, 8964.800179, 77, Fly to truck at customer 77, Traveling 
3, UAV, UAV is stationary without a parcel, 8964.800179, 77, 9368.686969, 77, Idle above rendezvous location (customer 77), Idle 
3, UAV, UAV taking off or landing with no parcels, 9368.686969, 77, 9375.078216, 77, Land at truck rendezvous location (customer 77), Traveling 
3, UAV, UAV is stationary without a parcel, 9375.078216, 77, 9405.078216, 77, Recovered by truck at customer 77, UAV Recovery 
3, UAV, UAV is stationary with a parcel, 9592.991707, 24, 9652.991707, 24, Prepare to launch from truck, UAV Launch 
3, UAV, UAV taking off or landing with a parcel, 9652.991707, 24, 9656.687330, 24, Takeoff from truck at Customer 24, Traveling 
3, UAV, UAV travels with parcel, 9656.687330, 24, 9753.540719, 74, Fly to UAV customer 74, Traveling 
3, UAV, UAV taking off or landing with a parcel, 9753.540719, 74, 9759.931966, 74, Land at UAV customer 74, Traveling 
3, UAV, UAV is stationary with a parcel, 9759.931966, 74, 9819.931966, 74, Serving UAV customer 74, Making Delivery 
3, UAV, UAV taking off or landing with no parcels, 9819.931966, 74, 9823.627589, 74, Takeoff from UAV customer 74, Traveling 
3, UAV, UAV travels empty, 9823.627589, 74, 10000.614017, 32, Fly to truck at customer 32, Traveling 
3, UAV, UAV is stationary without a parcel, 10000.614017, 32, 10315.621515, 32, Idle above rendezvous location (customer 32), Idle 
3, UAV, UAV taking off or landing with no parcels, 10315.621515, 32, 10322.012762, 32, Land at truck rendezvous location (customer 32), Traveling 
3, UAV, UAV is stationary without a parcel, 10322.012762, 32, 10352.012762, 32, Recovered by truck at customer 32, UAV Recovery 
3, UAV, UAV is stationary with a parcel, 10382.012762, 32, 10442.012762, 32, Prepare to launch from truck, UAV Launch 
3, UAV, UAV taking off or landing with a parcel, 10442.012762, 32, 10445.708385, 32, Takeoff from truck at Customer 32, Traveling 
3, UAV, UAV travels with parcel, 10445.708385, 32, 10487.271807, 65, Fly to UAV customer 65, Traveling 
3, UAV, UAV taking off or landing with a parcel, 10487.271807, 65, 10493.663053, 65, Land at UAV customer 65, Traveling 
3, UAV, UAV is stationary with a parcel, 10493.663053, 65, 10553.663053, 65, Serving UAV customer 65, Making Delivery 
3, UAV, UAV taking off or landing with no parcels, 10553.663053, 65, 10557.358677, 65, Takeoff from UAV customer 65, Traveling 
3, UAV, UAV travels empty, 10557.358677, 65, 10620.383695, 9, Fly to truck at customer 9, Traveling 
3, UAV, UAV is stationary without a parcel, 10620.383695, 9, 10763.468668, 9, Idle above rendezvous location (customer 9), Idle 
3, UAV, UAV taking off or landing with no parcels, 10763.468668, 9, 10769.859915, 9, Land at truck rendezvous location (customer 9), Traveling 
3, UAV, UAV is stationary without a parcel, 10769.859915, 9, 10799.859915, 9, Recovered by truck at customer 9, UAV Recovery 
3, UAV, UAV is stationary with a parcel, 10829.859915, 9, 10889.859915, 9, Prepare to launch from truck, UAV Launch 
3, UAV, UAV taking off or landing with a parcel, 10889.859915, 9, 10893.555538, 9, Takeoff from truck at Customer 9, Traveling 
3, UAV, UAV travels with parcel, 10893.555538, 9, 11036.747731, 67, Fly to UAV customer 67, Traveling 
3, UAV, UAV taking off or landing with a parcel, 11036.747731, 67, 11043.138977, 67, Land at UAV customer 67, Traveling 
3, UAV, UAV is stationary with a parcel, 11043.138977, 67, 11103.138977, 67, Serving UAV customer 67, Making Delivery 
3, UAV, UAV taking off or landing with no parcels, 11103.138977, 67, 11106.834600, 67, Takeoff from UAV customer 67, Traveling 
3, UAV, UAV travels empty, 11106.834600, 67, 11241.827578, 5, Fly to truck at customer 5, Traveling 
3, UAV, UAV is stationary without a parcel, 11241.827578, 5, 11352.394747, 5, Idle above rendezvous location (customer 5), Idle 
3, UAV, UAV taking off or landing with no parcels, 11352.394747, 5, 11358.785994, 5, Land at truck rendezvous location (customer 5), Traveling 
3, UAV, UAV is stationary without a parcel, 11358.785994, 5, 11388.785994, 5, Recovered by truck at customer 5, UAV Recovery 
3, UAV, UAV is stationary with a parcel, 11448.785994, 5, 11508.785994, 5, Prepare to launch from truck, UAV Launch 
3, UAV, UAV taking off or landing with a parcel, 11508.785994, 5, 11512.481617, 5, Takeoff from truck at Customer 5, Traveling 
3, UAV, UAV travels with parcel, 11512.481617, 5, 11634.072304, 31, Fly to UAV customer 31, Traveling 
3, UAV, UAV taking off or landing with a parcel, 11634.072304, 31, 11640.463550, 31, Land at UAV customer 31, Traveling 
3, UAV, UAV is stationary with a parcel, 11640.463550, 31, 11700.463550, 31, Serving UAV customer 31, Making Delivery 
3, UAV, UAV taking off or landing with no parcels, 11700.463550, 31, 11704.159174, 31, Takeoff from UAV customer 31, Traveling 
3, UAV, UAV travels empty, 11704.159174, 31, 11827.394070, 61, Fly to truck at customer 61, Traveling 
3, UAV, UAV is stationary without a parcel, 11827.394070, 61, 11849.784448, 61, Idle above rendezvous location (customer 61), Idle 
3, UAV, UAV taking off or landing with no parcels, 11849.784448, 61, 11856.175695, 61, Land at truck rendezvous location (customer 61), Traveling 
3, UAV, UAV is stationary without a parcel, 11856.175695, 61, 11886.175695, 61, Recovered by truck at customer 61, UAV Recovery 
3, UAV, UAV is stationary with a parcel, 11946.175695, 61, 12006.175695, 61, Prepare to launch from truck, UAV Launch 
3, UAV, UAV taking off or landing with a parcel, 12006.175695, 61, 12009.871318, 61, Takeoff from truck at Customer 61, Traveling 
3, UAV, UAV travels with parcel, 12009.871318, 61, 12113.129008, 80, Fly to UAV customer 80, Traveling 
3, UAV, UAV taking off or landing with a parcel, 12113.129008, 80, 12119.520254, 80, Land at UAV customer 80, Traveling 
3, UAV, UAV is stationary with a parcel, 12119.520254, 80, 12179.520254, 80, Serving UAV customer 80, Making Delivery 
3, UAV, UAV taking off or landing with no parcels, 12179.520254, 80, 12183.215878, 80, Takeoff from UAV customer 80, Traveling 
3, UAV, UAV travels empty, 12183.215878, 80, 12305.967259, 16, Fly to truck at customer 16, Traveling 
3, UAV, UAV is stationary without a parcel, 12305.967259, 16, 12685.158839, 16, Idle above rendezvous location (customer 16), Idle 
3, UAV, UAV taking off or landing with no parcels, 12685.158839, 16, 12691.550086, 16, Land at truck rendezvous location (customer 16), Traveling 
3, UAV, UAV is stationary without a parcel, 12691.550086, 16, 12721.550086, 16, Recovered by truck at customer 16, UAV Recovery 
3, UAV, UAV is stationary with a parcel, 12751.550086, 16, 12811.550086, 16, Prepare to launch from truck, UAV Launch 
3, UAV, UAV taking off or landing with a parcel, 12811.550086, 16, 12815.245709, 16, Takeoff from truck at Customer 16, Traveling 
3, UAV, UAV travels with parcel, 12815.245709, 16, 12897.138618, 39, Fly to UAV customer 39, Traveling 
3, UAV, UAV taking off or landing with a parcel, 12897.138618, 39, 12903.529865, 39, Land at UAV customer 39, Traveling 
3, UAV, UAV is stationary with a parcel, 12903.529865, 39, 12963.529865, 39, Serving UAV customer 39, Making Delivery 
3, UAV, UAV taking off or landing with no parcels, 12963.529865, 39, 12967.225488, 39, Takeoff from UAV customer 39, Traveling 
3, UAV, UAV travels empty, 12967.225488, 39, 13130.362604, 51, Fly to truck at customer 51, Traveling 
3, UAV, UAV is stationary without a parcel, 13130.362604, 51, 13135.891564, 51, Idle above rendezvous location (customer 51), Idle 
3, UAV, UAV taking off or landing with no parcels, 13135.891564, 51, 13142.282810, 51, Land at truck rendezvous location (customer 51), Traveling 
3, UAV, UAV is stationary without a parcel, 13142.282810, 51, 13172.282810, 51, Recovered by truck at customer 51, UAV Recovery 
4, UAV, UAV is stationary with a parcel, 826.977100, 35, 886.977100, 35, Prepare to launch from truck, UAV Launch 
4, UAV, UAV taking off or landing with a parcel, 886.977100, 35, 890.672723, 35, Takeoff from truck at Customer 35, Traveling 
4, UAV, UAV travels with parcel, 890.672723, 35, 927.468434, 50, Fly to UAV customer 50, Traveling 
4, UAV, UAV taking off or landing with a parcel, 927.468434, 50, 933.859681, 50, Land at UAV customer 50, Traveling 
4, UAV, UAV is stationary with a parcel, 933.859681, 50, 993.859681, 50, Serving UAV customer 50, Making Delivery 
4, UAV, UAV taking off or landing with no parcels, 993.859681, 50, 997.555304, 50, Takeoff from UAV customer 50, Traveling 
4, UAV, UAV travels empty, 997.555304, 50, 1070.419934, 12, Fly to truck at customer 12, Traveling 
4, UAV, UAV is stationary without a parcel, 1070.419934, 12, 1074.647505, 12, Idle above rendezvous location (customer 12), Idle 
4, UAV, UAV taking off or landing with no parcels, 1074.647505, 12, 1081.038752, 12, Land at truck rendezvous location (customer 12), Traveling 
4, UAV, UAV is stationary without a parcel, 1081.038752, 12, 1111.038752, 12, Recovered by truck at customer 12, UAV Recovery 
4, UAV, UAV is stationary with a parcel, 3193.772206, 46, 3253.772206, 46, Prepare to launch from truck, UAV Launch 
4, UAV, UAV taking off or landing with a parcel, 3253.772206, 46, 3257.467829, 46, Takeoff from truck at Customer 46, Traveling 
4, UAV, UAV travels with parcel, 3257.467829, 46, 3379.608255, 52, Fly to UAV customer 52, Traveling 
4, UAV, UAV taking off or landing with a parcel, 3379.608255, 52, 3385.999502, 52, Land at UAV customer 52, Traveling 
4, UAV, UAV is stationary with a parcel, 3385.999502, 52, 3445.999502, 52, Serving UAV customer 52, Making Delivery 
4, UAV, UAV taking off or landing with no parcels, 3445.999502, 52, 3449.695125, 52, Takeoff from UAV customer 52, Traveling 
4, UAV, UAV travels empty, 3449.695125, 52, 3527.844323, 44, Fly to truck at customer 44, Traveling 
4, UAV, UAV is stationary without a parcel, 3527.844323, 44, 3679.072936, 44, Idle above rendezvous location (customer 44), Idle 
4, UAV, UAV taking off or landing with no parcels, 3679.072936, 44, 3685.464183, 44, Land at truck rendezvous location (customer 44), Traveling 
4, UAV, UAV is stationary without a parcel, 3685.464183, 44, 3715.464183, 44, Recovered by truck at customer 44, UAV Recovery 
4, UAV, UAV is stationary with a parcel, 4111.561074, 76, 4171.561074, 76, Prepare to launch from truck, UAV Launch 
4, UAV, UAV taking off or landing with a parcel, 4171.561074, 76, 4175.256697, 76, Takeoff from truck at Customer 76, Traveling 
4, UAV, UAV travels with parcel, 4175.256697, 76, 4240.392230, 19, Fly to UAV customer 19, Traveling 
4, UAV, UAV taking off or landing with a parcel, 4240.392230, 19, 4246.783477, 19, Land at UAV customer 19, Traveling 
4, UAV, UAV is stationary with a parcel, 4246.783477, 19, 4306.783477, 19, Serving UAV customer 19, Making Delivery 
4, UAV, UAV taking off or landing with no parcels, 4306.783477, 19, 4310.479100, 19, Takeoff from UAV customer 19, Traveling 
4, UAV, UAV travels empty, 4310.479100, 19, 4349.969702, 70, Fly to truck at customer 70, Traveling 
4, UAV, UAV is stationary without a parcel, 4349.969702, 70, 4475.245124, 70, Idle above rendezvous location (customer 70), Idle 
4, UAV, UAV taking off or landing with no parcels, 4475.245124, 70, 4481.636371, 70, Land at truck rendezvous location (customer 70), Traveling 
4, UAV, UAV is stationary without a parcel, 4481.636371, 70, 4511.636371, 70, Recovered by truck at customer 70, UAV Recovery 
4, UAV, UAV is stationary with a parcel, 4511.636371, 70, 4571.636371, 70, Prepare to launch from truck, UAV Launch 
4, UAV, UAV taking off or landing with a parcel, 4571.636371, 70, 4575.331994, 70, Takeoff from truck at Customer 70, Traveling 
4, UAV, UAV travels with parcel, 4575.331994, 70, 4641.947205, 1, Fly to UAV customer 1, Traveling 
4, UAV, UAV taking off or landing with a parcel, 4641.947205, 1, 4648.338452, 1, Land at UAV customer 1, Traveling 
4, UAV, UAV is stationary with a parcel, 4648.338452, 1, 4708.338452, 1, Serving UAV customer 1, Making Delivery 
4, UAV, UAV taking off or landing with no parcels, 4708.338452, 1, 4712.034075, 1, Takeoff from UAV customer 1, Traveling 
4, UAV, UAV travels empty, 4712.034075, 1, 4811.459744, 63, Fly to truck at customer 63, Traveling 
4, UAV, UAV is stationary without a parcel, 4811.459744, 63, 4840.773178, 63, Idle above rendezvous location (customer 63), Idle 
4, UAV, UAV taking off or landing with no parcels, 4840.773178, 63, 4847.164425, 63, Land at truck rendezvous location (customer 63), Traveling 
4, UAV, UAV is stationary without a parcel, 4847.164425, 63, 4877.164425, 63, Recovered by truck at customer 63, UAV Recovery 
4, UAV, UAV is stationary with a parcel, 5155.593345, 95, 5215.593345, 95, Prepare to launch from truck, UAV Launch 
4, UAV, UAV taking off or landing with a parcel, 5215.593345, 95, 5219.288968, 95, Takeoff from truck at Customer 95, Traveling 
4, UAV, UAV travels with parcel, 5219.288968, 95, 5331.025186, 2, Fly to UAV customer 2, Traveling 
4, UAV, UAV taking off or landing with a parcel, 5331.025186, 2, 5337.416432, 2, Land at UAV customer 2, Traveling 
4, UAV, UAV is stationary with a parcel, 5337.416432, 2, 5397.416432, 2, Serving UAV customer 2, Making Delivery 
4, UAV, UAV taking off or landing with no parcels, 5397.416432, 2, 5401.112055, 2, Takeoff from UAV customer 2, Traveling 
4, UAV, UAV travels empty, 5401.112055, 2, 5509.473953, 69, Fly to truck at customer 69, Traveling 
4, UAV, UAV is stationary without a parcel, 5509.473953, 69, 5736.953397, 69, Idle above rendezvous location (customer 69), Idle 
4, UAV, UAV taking off or landing with no parcels, 5736.953397, 69, 5743.344644, 69, Land at truck rendezvous location (customer 69), Traveling 
4, UAV, UAV is stationary without a parcel, 5743.344644, 69, 5773.344644, 69, Recovered by truck at customer 69, UAV Recovery 
4, UAV, UAV is stationary with a parcel, 5849.596815, 4, 5909.596815, 4, Prepare to launch from truck, UAV Launch 
4, UAV, UAV taking off or landing with a parcel, 5909.596815, 4, 5913.292438, 4, Takeoff from truck at Customer 4, Traveling 
4, UAV, UAV travels with parcel, 5913.292438, 4, 6059.995456, 33, Fly to UAV customer 33, Traveling 
4, UAV, UAV taking off or landing with a parcel, 6059.995456, 33, 6066.386702, 33, Land at UAV customer 33, Traveling 
4, UAV, UAV is stationary with a parcel, 6066.386702, 33, 6126.386702, 33, Serving UAV customer 33, Making Delivery 
4, UAV, UAV taking off or landing with no parcels, 6126.386702, 33, 6130.082326, 33, Takeoff from UAV customer 33, Traveling 
4, UAV, UAV travels empty, 6130.082326, 33, 6196.503513, 99, Fly to truck at customer 99, Traveling 
4, UAV, UAV is stationary without a parcel, 6196.503513, 99, 6374.908454, 99, Idle above rendezvous location (customer 99), Idle 
4, UAV, UAV taking off or landing with no parcels, 6374.908454, 99, 6381.299701, 99, Land at truck rendezvous location (customer 99), Traveling 
4, UAV, UAV is stationary without a parcel, 6381.299701, 99, 6411.299701, 99, Recovered by truck at customer 99, UAV Recovery 
4, UAV, UAV is stationary with a parcel, 6760.154489, 28, 6820.154489, 28, Prepare to launch from truck, UAV Launch 
4, UAV, UAV taking off or landing with a parcel, 6820.154489, 28, 6823.850112, 28, Takeoff from truck at Customer 28, Traveling 
4, UAV, UAV travels with parcel, 6823.850112, 28, 6970.657930, 86, Fly to UAV customer 86, Traveling 
4, UAV, UAV taking off or landing with a parcel, 6970.657930, 86, 6977.049177, 86, Land at UAV customer 86, Traveling 
4, UAV, UAV is stationary with a parcel, 6977.049177, 86, 7037.049177, 86, Serving UAV customer 86, Making Delivery 
4, UAV, UAV taking off or landing with no parcels, 7037.049177, 86, 7040.744800, 86, Takeoff from UAV customer 86, Traveling 
4, UAV, UAV travels empty, 7040.744800, 86, 7126.031951, 30, Fly to truck at customer 30, Traveling 
4, UAV, UAV is stationary without a parcel, 7126.031951, 30, 7213.644195, 30, Idle above rendezvous location (customer 30), Idle 
4, UAV, UAV taking off or landing with no parcels, 7213.644195, 30, 7220.035442, 30, Land at truck rendezvous location (customer 30), Traveling 
4, UAV, UAV is stationary without a parcel, 7220.035442, 30, 7250.035442, 30, Recovered by truck at customer 30, UAV Recovery 
4, UAV, UAV is stationary with a parcel, 7882.785280, 37, 7942.785280, 37, Prepare to launch from truck, UAV Launch 
4, UAV, UAV taking off or landing with a parcel, 7942.785280, 37, 7946.480903, 37, Takeoff from truck at Customer 37, Traveling 
4, UAV, UAV travels with parcel, 7946.480903, 37, 8119.809128, 64, Fly to UAV customer 64, Traveling 
4, UAV, UAV taking off or landing with a parcel, 8119.809128, 64, 8126.200375, 64, Land at UAV customer 64, Traveling 
4, UAV, UAV is stationary with a parcel, 8126.200375, 64, 8186.200375, 64, Serving UAV customer 64, Making Delivery 
4, UAV, UAV taking off or landing with no parcels, 8186.200375, 64, 8189.895998, 64, Takeoff from UAV customer 64, Traveling 
4, UAV, UAV travels empty, 8189.895998, 64, 8257.220902, 20, Fly to truck at customer 20, Traveling 
4, UAV, UAV is stationary without a parcel, 8257.220902, 20, 8368.522842, 20, Idle above rendezvous location (customer 20), Idle 
4, UAV, UAV taking off or landing with no parcels, 8368.522842, 20, 8374.914089, 20, Land at truck rendezvous location (customer 20), Traveling 
4, UAV, UAV is stationary without a parcel, 8374.914089, 20, 8404.914089, 20, Recovered by truck at customer 20, UAV Recovery 
4, UAV, UAV is stationary with a parcel, 8736.973474, 58, 8796.973474, 58, Prepare to launch from truck, UAV Launch 
4, UAV, UAV taking off or landing with a parcel, 8796.973474, 58, 8800.669097, 58, Takeoff from truck at Customer 58, Traveling 
4, UAV, UAV travels with parcel, 8800.669097, 58, 8882.297527, 66, Fly to UAV customer 66, Traveling 
4, UAV, UAV taking off or landing with a parcel, 8882.297527, 66, 8888.688774, 66, Land at UAV customer 66, Traveling 
4, UAV, UAV is stationary with a parcel, 8888.688774, 66, 8948.688774, 66, Serving UAV customer 66, Making Delivery 
4, UAV, UAV taking off or landing with no parcels, 8948.688774, 66, 8952.384397, 66, Takeoff from UAV customer 66, Traveling 
4, UAV, UAV travels empty, 8952.384397, 66, 9084.774365, 77, Fly to truck at customer 77, Traveling 
4, UAV, UAV is stationary without a parcel, 9084.774365, 77, 9308.686969, 77, Idle above rendezvous location (customer 77), Idle 
4, UAV, UAV taking off or landing with no parcels, 9308.686969, 77, 9315.078216, 77, Land at truck rendezvous location (customer 77), Traveling 
4, UAV, UAV is stationary without a parcel, 9315.078216, 77, 9345.078216, 77, Recovered by truck at customer 77, UAV Recovery 
4, UAV, UAV is stationary with a parcel, 9712.991707, 24, 9772.991707, 24, Prepare to launch from truck, UAV Launch 
4, UAV, UAV taking off or landing with a parcel, 9772.991707, 24, 9776.687330, 24, Takeoff from truck at Customer 24, Traveling 
4, UAV, UAV travels with parcel, 9776.687330, 24, 9875.057928, 87, Fly to UAV customer 87, Traveling 
4, UAV, UAV taking off or landing with a parcel, 9875.057928, 87, 9881.449174, 87, Land at UAV customer 87, Traveling 
4, UAV, UAV is stationary with a parcel, 9881.449174, 87, 9941.449174, 87, Serving UAV customer 87, Making Delivery 
4, UAV, UAV taking off or landing with no parcels, 9941.449174, 87, 9945.144797, 87, Takeoff from UAV customer 87, Traveling 
4, UAV, UAV travels empty, 9945.144797, 87, 10113.604166, 32, Fly to truck at customer 32, Traveling 
4, UAV, UAV is stationary without a parcel, 10113.604166, 32, 10255.621515, 32, Idle above rendezvous location (customer 32), Idle 
4, UAV, UAV taking off or landing with no parcels, 10255.621515, 32, 10262.012762, 32, Land at truck rendezvous location (customer 32), Traveling 
4, UAV, UAV is stationary without a parcel, 10262.012762, 32, 10292.012762, 32, Recovered by truck at customer 32, UAV Recovery 
4, UAV, UAV is stationary with a parcel, 10442.012762, 32, 10502.012762, 32, Prepare to launch from truck, UAV Launch 
4, UAV, UAV taking off or landing with a parcel, 10502.012762, 32, 10505.708385, 32, Takeoff from truck at Customer 32, Traveling 
4, UAV, UAV travels with parcel, 10505.708385, 32, 10572.462376, 72, Fly to UAV customer 72, Traveling 
4, UAV, UAV taking off or landing with a parcel, 10572.462376, 72, 10578.853622, 72, Land at UAV customer 72, Traveling 
4, UAV, UAV is stationary with a parcel, 10578.853622, 72, 10638.853622, 72, Serving UAV customer 72, Making Delivery 
4, UAV, UAV taking off or landing with no parcels, 10638.853622, 72, 10642.549246, 72, Takeoff from UAV customer 72, Traveling 
4, UAV, UAV travels empty, 10642.549246, 72, 10695.379563, 9, Fly to truck at customer 9, Traveling 
4, UAV, UAV is stationary without a parcel, 10695.379563, 9, 10793.468668, 9, Idle above rendezvous location (customer 9), Idle 
4, UAV, UAV taking off or landing with no parcels, 10793.468668, 9, 10799.859915, 9, Land at truck rendezvous location (customer 9), Traveling 
4, UAV, UAV is stationary without a parcel, 10799.859915, 9, 10829.859915, 9, Recovered by truck at customer 9, UAV Recovery 
4, UAV, UAV is stationary with a parcel, 10889.859915, 9, 10949.859915, 9, Prepare to launch from truck, UAV Launch 
4, UAV, UAV taking off or landing with a parcel, 10949.859915, 9, 10953.555538, 9, Takeoff from truck at Customer 9, Traveling 
4, UAV, UAV travels with parcel, 10953.555538, 9, 11070.311881, 25, Fly to UAV customer 25, Traveling 
4, UAV, UAV taking off or landing with a parcel, 11070.311881, 25, 11076.703127, 25, Land at UAV customer 25, Traveling 
4, UAV, UAV is stationary with a parcel, 11076.703127, 25, 11136.703127, 25, Serving UAV customer 25, Making Delivery 
4, UAV, UAV taking off or landing with no parcels, 11136.703127, 25, 11140.398751, 25, Takeoff from UAV customer 25, Traveling 
4, UAV, UAV travels empty, 11140.398751, 25, 11226.023648, 5, Fly to truck at customer 5, Traveling 
4, UAV, UAV is stationary without a parcel, 11226.023648, 5, 11382.394747, 5, Idle above rendezvous location (customer 5), Idle 
4, UAV, UAV taking off or landing with no parcels, 11382.394747, 5, 11388.785994, 5, Land at truck rendezvous location (customer 5), Traveling 
4, UAV, UAV is stationary without a parcel, 11388.785994, 5, 11418.785994, 5, Recovered by truck at customer 5, UAV Recovery 
4, UAV, UAV is stationary with a parcel, 11568.785994, 5, 11628.785994, 5, Prepare to launch from truck, UAV Launch 
4, UAV, UAV taking off or landing with a parcel, 11628.785994, 5, 11632.481617, 5, Takeoff from truck at Customer 5, Traveling 
4, UAV, UAV travels with parcel, 11632.481617, 5, 11690.658451, 53, Fly to UAV customer 53, Traveling 
4, UAV, UAV taking off or landing with a parcel, 11690.658451, 53, 11697.049697, 53, Land at UAV customer 53, Traveling 
4, UAV, UAV is stationary with a parcel, 11697.049697, 53, 11757.049697, 53, Serving UAV customer 53, Making Delivery 
4, UAV, UAV taking off or landing with no parcels, 11757.049697, 53, 11760.745321, 53, Takeoff from UAV customer 53, Traveling 
4, UAV, UAV travels empty, 11760.745321, 53, 11795.227632, 61, Fly to truck at customer 61, Traveling 
4, UAV, UAV is stationary without a parcel, 11795.227632, 61, 11879.784448, 61, Idle above rendezvous location (customer 61), Idle 
4, UAV, UAV taking off or landing with no parcels, 11879.784448, 61, 11886.175695, 61, Land at truck rendezvous location (customer 61), Traveling 
4, UAV, UAV is stationary without a parcel, 11886.175695, 61, 11916.175695, 61, Recovered by truck at customer 61, UAV Recovery 
4, UAV, UAV is stationary with a parcel, 12036.175695, 61, 12096.175695, 61, Prepare to launch from truck, UAV Launch 
4, UAV, UAV taking off or landing with a parcel, 12096.175695, 61, 12099.871318, 61, Takeoff from truck at Customer 61, Traveling 
4, UAV, UAV travels with parcel, 12099.871318, 61, 12238.265010, 54, Fly to UAV customer 54, Traveling 
4, UAV, UAV taking off or landing with a parcel, 12238.265010, 54, 12244.656256, 54, Land at UAV customer 54, Traveling 
4, UAV, UAV is stationary with a parcel, 12244.656256, 54, 12304.656256, 54, Serving UAV customer 54, Making Delivery 
4, UAV, UAV taking off or landing with no parcels, 12304.656256, 54, 12308.351880, 54, Takeoff from UAV customer 54, Traveling 
4, UAV, UAV travels empty, 12308.351880, 54, 12473.850657, 16, Fly to truck at customer 16, Traveling 
4, UAV, UAV is stationary without a parcel, 12473.850657, 16, 12505.158839, 16, Idle above rendezvous location (customer 16), Idle 
4, UAV, UAV taking off or landing with no parcels, 12505.158839, 16, 12511.550086, 16, Land at truck rendezvous location (customer 16), Traveling 
4, UAV, UAV is stationary without a parcel, 12511.550086, 16, 12541.550086, 16, Recovered by truck at customer 16, UAV Recovery 
4, UAV, UAV is stationary with a parcel, 12631.550086, 16, 12691.550086, 16, Prepare to launch from truck, UAV Launch 
4, UAV, UAV taking off or landing with a parcel, 12691.550086, 16, 12695.245709, 16, Takeoff from truck at Customer 16, Traveling 
4, UAV, UAV travels with parcel, 12695.245709, 16, 12805.173847, 83, Fly to UAV customer 83, Traveling 
4, UAV, UAV taking off or landing with a parcel, 12805.173847, 83, 12811.565094, 83, Land at UAV customer 83, Traveling 
4, UAV, UAV is stationary with a parcel, 12811.565094, 83, 12871.565094, 83, Serving UAV customer 83, Making Delivery 
4, UAV, UAV taking off or landing with no parcels, 12871.565094, 83, 12875.260717, 83, Takeoff from UAV customer 83, Traveling 
4, UAV, UAV travels empty, 12875.260717, 83, 12892.798807, 51, Fly to truck at customer 51, Traveling 
4, UAV, UAV is stationary without a parcel, 12892.798807, 51, 13105.891564, 51, Idle above rendezvous location (customer 51), Idle 
4, UAV, UAV taking off or landing with no parcels, 13105.891564, 51, 13112.282810, 51, Land at truck rendezvous location (customer 51), Traveling 
4, UAV, UAV is stationary without a parcel, 13112.282810, 51, 13142.282810, 51, Recovered by truck at customer 51, UAV Recovery 
